Timestamp: 7/nov/2018 16:00:39
AVG_DAYS_FOR_AUDIT: 90
LOGS_NAME: experiment_4
MONOPOLY_THRESHOLD: 0.5
NUM_BROKERS: 5
NUM_CONSUMERS: 30
NUM_PRODUCERS: 50
STORE_RECORDS: true


"tick","Satisfied Customers","energy-broker-0","money-broker-0","energy-broker-1","money-broker-1","energy-broker-2","money-broker-2","energy-broker-3","money-broker-3","energy-broker-4","money-broker-4"
1.0,0.0,0.0,2.48817728E8,0.0,2.26596592E8,0.0,2.34435056E8,0.0,2.24361216E8,0.0,2.12731984E8
2.0,0.0,0.0,2.48817728E8,0.0,2.26596592E8,0.0,2.34435056E8,0.0,2.24361216E8,0.0,2.12731984E8
3.0,0.0,0.0,2.48817728E8,0.0,2.26596592E8,0.0,2.34435056E8,0.0,2.24361216E8,0.0,2.12731984E8
4.0,0.0,0.0,2.48817728E8,0.0,2.26596592E8,0.0,2.34435056E8,0.0,2.24361216E8,0.0,2.12731984E8
5.0,0.0,0.0,2.48817728E8,0.0,2.26596592E8,0.0,2.34435056E8,0.0,2.24361216E8,0.0,2.12731984E8
6.0,0.0,0.0,2.48817728E8,0.0,2.26596592E8,0.0,2.34435056E8,0.0,2.24361216E8,0.0,2.12731984E8
7.0,0.0,0.0,2.48817728E8,0.0,2.26596592E8,0.0,2.34435056E8,0.0,2.24361216E8,0.0,2.12731984E8
8.0,0.0,0.0,2.48817728E8,0.0,2.26596592E8,0.0,2.34435056E8,0.0,2.24361216E8,0.0,2.12731984E8
9.0,0.0,0.0,2.48817728E8,0.0,2.26596592E8,0.0,2.34435056E8,0.0,2.24361216E8,0.0,2.12731984E8
10.0,0.0,0.0,2.48817728E8,0.0,2.26596592E8,0.0,2.34435056E8,0.0,2.24361216E8,0.0,2.12731984E8
11.0,0.0,0.0,2.48817728E8,0.0,2.26596592E8,0.0,2.34435056E8,0.0,2.24361216E8,0.0,2.12731984E8
12.0,0.0,0.0,2.48817728E8,0.0,2.26596592E8,0.0,2.34435056E8,0.0,2.24361216E8,0.0,2.12731984E8
13.0,0.0,0.0,2.48817728E8,0.0,2.26596592E8,0.0,2.34435056E8,0.0,2.24361216E8,0.0,2.12731984E8
14.0,0.0,0.0,2.48817728E8,0.0,2.26596592E8,0.0,2.34435056E8,0.0,2.24361216E8,0.0,2.12731984E8
15.0,0.0,0.0,2.48817728E8,0.0,2.26596592E8,0.0,2.34435056E8,0.0,2.24361216E8,0.0,2.12731984E8
16.0,0.0,0.0,2.48817728E8,0.0,2.26596592E8,0.0,2.34435056E8,0.0,2.24361216E8,0.0,2.12731984E8
17.0,0.0,0.0,2.48817728E8,0.0,2.26596592E8,0.0,2.34435056E8,0.0,2.24361216E8,0.0,2.12731984E8
18.0,0.0,0.0,2.48817728E8,0.0,2.26596592E8,0.0,2.34435056E8,0.0,2.24361216E8,0.0,2.12731984E8
19.0,0.0,0.0,2.48817728E8,0.0,2.26596592E8,0.0,2.34435056E8,0.0,2.24361216E8,0.0,2.12731984E8
20.0,0.0,0.0,2.48817728E8,0.0,2.26596592E8,0.0,2.34435056E8,0.0,2.24361216E8,0.0,2.12731984E8
21.0,0.0,0.0,2.48817728E8,0.0,2.26596592E8,0.0,2.34435056E8,0.0,2.24361216E8,0.0,2.12731984E8
22.0,0.0,0.0,2.48817728E8,0.0,2.26596592E8,0.0,2.34435056E8,0.0,2.24361216E8,0.0,2.12731984E8
23.0,0.0,0.0,2.48817728E8,0.0,2.26596592E8,0.0,2.34435056E8,0.0,2.24361216E8,0.0,2.12731984E8
24.0,0.0,0.0,2.48817728E8,0.0,2.26596592E8,0.0,2.34435056E8,0.0,2.24361216E8,0.0,2.12731984E8
25.0,0.0,0.0,2.48817728E8,0.0,2.26596592E8,0.0,2.34435056E8,0.0,2.24361216E8,0.0,2.12731984E8
26.0,0.0,0.0,2.48817728E8,0.0,2.26596592E8,0.0,2.34435056E8,0.0,2.24361216E8,0.0,2.12731984E8
27.0,0.0,0.0,2.48817728E8,0.0,2.26596592E8,0.0,2.34435056E8,0.0,2.24361216E8,0.0,2.12731984E8
28.0,0.0,0.0,2.48817728E8,0.0,2.26596592E8,0.0,2.34435056E8,0.0,2.24361216E8,0.0,2.12731984E8
29.0,0.0,0.0,2.48817728E8,0.0,2.26596592E8,0.0,2.34435056E8,0.0,2.24361216E8,0.0,2.12731984E8
30.0,0.0,0.0,2.48817728E8,0.0,2.26596592E8,0.0,2.34435056E8,0.0,2.24361216E8,0.0,2.12731984E8
31.0,0.0,0.0,2.48817728E8,0.0,2.26596592E8,0.0,2.34435056E8,0.0,2.24361216E8,0.0,2.12731984E8
32.0,0.0,0.0,2.48817728E8,0.0,2.26596592E8,0.0,2.34435056E8,0.0,2.24361216E8,0.0,2.12731984E8
33.0,0.0,0.0,2.48817728E8,0.0,2.26596592E8,0.0,2.34435056E8,0.0,2.24361216E8,0.0,2.12731984E8
34.0,0.0,0.0,2.48817728E8,0.0,2.26596592E8,0.0,2.34435056E8,0.0,2.24361216E8,0.0,2.12731984E8
35.0,0.0,0.0,2.48817728E8,0.0,2.26596592E8,0.0,2.34435056E8,0.0,2.24361216E8,0.0,2.12731984E8
36.0,0.0,0.0,2.48817728E8,0.0,2.26596592E8,0.0,2.34435056E8,0.0,2.24361216E8,0.0,2.12731984E8
37.0,0.0,0.0,2.48817728E8,0.0,2.26596592E8,0.0,2.34435056E8,0.0,2.24361216E8,0.0,2.12731984E8
38.0,0.0,0.0,2.48817728E8,0.0,2.26596592E8,0.0,2.34435056E8,0.0,2.24361216E8,0.0,2.12731984E8
39.0,0.0,0.0,2.48817728E8,0.0,2.26596592E8,0.0,2.34435056E8,0.0,2.24361216E8,0.0,2.12731984E8
40.0,0.0,0.0,2.48817728E8,0.0,2.26596592E8,0.0,2.34435056E8,0.0,2.24361216E8,0.0,2.12731984E8
41.0,0.0,0.0,2.48817728E8,0.0,2.26596592E8,0.0,2.34435056E8,0.0,2.24361216E8,0.0,2.12731984E8
42.0,0.0,0.0,2.48817728E8,0.0,2.26596592E8,0.0,2.34435056E8,0.0,2.24361216E8,0.0,2.12731984E8
43.0,0.0,0.0,2.48817728E8,0.0,2.26596592E8,0.0,2.34435056E8,0.0,2.24361216E8,0.0,2.12731984E8
44.0,0.0,0.0,2.48817728E8,0.0,2.26596592E8,0.0,2.34435056E8,0.0,2.24361216E8,0.0,2.12731984E8
45.0,0.0,0.0,2.48817728E8,0.0,2.26596592E8,0.0,2.34435056E8,0.0,2.24361216E8,0.0,2.12731984E8
46.0,0.0,0.0,2.48817728E8,0.0,2.26596592E8,0.0,2.34435056E8,0.0,2.24361216E8,0.0,2.12731984E8
47.0,0.0,0.0,2.48817728E8,0.0,2.26596592E8,0.0,2.34435056E8,0.0,2.24361216E8,0.0,2.12731984E8
48.0,0.0,0.0,2.48817728E8,0.0,2.26596592E8,0.0,2.34435056E8,0.0,2.24361216E8,0.0,2.12731984E8
49.0,0.0,0.0,2.48817728E8,0.0,2.26596592E8,0.0,2.34435056E8,0.0,2.24361216E8,0.0,2.12731984E8
50.0,0.0,0.0,2.48817728E8,0.0,2.26596592E8,0.0,2.34435056E8,0.0,2.24361216E8,0.0,2.12731984E8
51.0,0.0,0.0,2.48817728E8,0.0,2.26596592E8,0.0,2.34435056E8,0.0,2.24361216E8,0.0,2.12731984E8
52.0,0.0,0.0,2.48817728E8,0.0,2.26596592E8,0.0,2.34435056E8,0.0,2.24361216E8,0.0,2.12731984E8
53.0,0.0,0.0,2.48817728E8,0.0,2.26596592E8,0.0,2.34435056E8,0.0,2.24361216E8,0.0,2.12731984E8
54.0,0.0,0.0,2.48817728E8,0.0,2.26596592E8,0.0,2.34435056E8,0.0,2.24361216E8,0.0,2.12731984E8
55.0,0.0,0.0,2.48817728E8,0.0,2.26596592E8,0.0,2.34435056E8,0.0,2.24361216E8,0.0,2.12731984E8
56.0,0.0,0.0,2.48817728E8,0.0,2.26596592E8,0.0,2.34435056E8,0.0,2.24361216E8,0.0,2.12731984E8
57.0,0.0,0.0,2.48817728E8,0.0,2.26596592E8,0.0,2.34435056E8,0.0,2.24361216E8,0.0,2.12731984E8
58.0,0.0,0.0,2.48817728E8,0.0,2.26596592E8,0.0,2.34435056E8,0.0,2.24361216E8,0.0,2.12731984E8
59.0,0.0,0.0,2.48817728E8,0.0,2.26596592E8,0.0,2.34435056E8,0.0,2.24361216E8,0.0,2.12731984E8
60.0,0.0,0.0,2.48817728E8,0.0,2.26596592E8,0.0,2.34435056E8,0.0,2.24361216E8,0.0,2.12731984E8
61.0,0.0,0.0,2.48817728E8,0.0,2.26596592E8,0.0,2.34435056E8,0.0,2.24361216E8,0.0,2.12731984E8
62.0,0.0,0.0,2.48817728E8,0.0,2.26596592E8,0.0,2.34435056E8,0.0,2.24361216E8,0.0,2.12731984E8
63.0,0.0,0.0,2.48817728E8,0.0,2.26596592E8,0.0,2.34435056E8,0.0,2.24361216E8,0.0,2.12731984E8
64.0,0.0,0.0,2.48817728E8,0.0,2.26596592E8,0.0,2.34435056E8,0.0,2.24361216E8,0.0,2.12731984E8
65.0,0.0,0.0,2.48817728E8,0.0,2.26596592E8,0.0,2.34435056E8,0.0,2.24361216E8,0.0,2.12731984E8
66.0,0.0,0.0,2.48817728E8,0.0,2.26596592E8,0.0,2.34435056E8,0.0,2.24361216E8,0.0,2.12731984E8
67.0,0.0,0.0,2.48817728E8,0.0,2.26596592E8,0.0,2.34435056E8,0.0,2.24361216E8,0.0,2.12731984E8
68.0,0.0,0.0,2.48817728E8,0.0,2.26596592E8,0.0,2.34435056E8,0.0,2.24361216E8,0.0,2.12731984E8
69.0,0.0,0.0,2.48817728E8,0.0,2.26596592E8,0.0,2.34435056E8,0.0,2.24361216E8,0.0,2.12731984E8
70.0,0.0,0.0,2.48817728E8,0.0,2.26596592E8,0.0,2.34435056E8,0.0,2.24361216E8,0.0,2.12731984E8
71.0,0.0,0.0,2.48817728E8,0.0,2.26596592E8,0.0,2.34435056E8,0.0,2.24361216E8,0.0,2.12731984E8
72.0,0.0,0.0,2.48817728E8,0.0,2.26596592E8,0.0,2.34435056E8,0.0,2.24361216E8,0.0,2.12731984E8
73.0,0.0,0.0,2.48817728E8,0.0,2.26596592E8,0.0,2.34435056E8,0.0,2.24361216E8,0.0,2.12731984E8
74.0,0.0,0.0,2.48817728E8,0.0,2.26596592E8,0.0,2.34435056E8,0.0,2.24361216E8,0.0,2.12731984E8
75.0,0.0,0.0,2.48817728E8,0.0,2.26596592E8,0.0,2.34435056E8,0.0,2.24361216E8,0.0,2.12731984E8
76.0,0.0,0.0,2.48817728E8,0.0,2.26596592E8,0.0,2.34435056E8,0.0,2.24361216E8,0.0,2.12731984E8
77.0,0.0,0.0,2.48817728E8,0.0,2.26596592E8,0.0,2.34435056E8,0.0,2.24361216E8,0.0,2.12731984E8
78.0,0.0,0.0,2.48817728E8,0.0,2.26596592E8,0.0,2.34435056E8,0.0,2.24361216E8,0.0,2.12731984E8
79.0,0.0,0.0,2.48817728E8,0.0,2.26596592E8,0.0,2.34435056E8,0.0,2.24361216E8,0.0,2.12731984E8
80.0,0.0,0.0,2.48817728E8,0.0,2.26596592E8,0.0,2.34435056E8,0.0,2.24361216E8,0.0,2.12731984E8
81.0,0.0,0.0,2.48817728E8,0.0,2.26596592E8,0.0,2.34435056E8,0.0,2.24361216E8,0.0,2.12731984E8
82.0,0.0,0.0,2.48817728E8,0.0,2.26596592E8,0.0,2.34435056E8,0.0,2.24361216E8,0.0,2.12731984E8
83.0,0.0,0.0,2.48817728E8,0.0,2.26596592E8,0.0,2.34435056E8,0.0,2.24361216E8,0.0,2.12731984E8
84.0,0.0,0.0,2.48817728E8,0.0,2.26596592E8,0.0,2.34435056E8,0.0,2.24361216E8,0.0,2.12731984E8
85.0,0.0,0.0,2.48817728E8,0.0,2.26596592E8,0.0,2.34435056E8,0.0,2.24361216E8,0.0,2.12731984E8
86.0,0.0,0.0,2.48817728E8,0.0,2.26596592E8,0.0,2.34435056E8,0.0,2.24361216E8,0.0,2.12731984E8
87.0,0.0,0.0,2.48817728E8,0.0,2.26596592E8,0.0,2.34435056E8,0.0,2.24361216E8,0.0,2.12731984E8
88.0,0.0,0.0,2.48817728E8,0.0,2.26596592E8,0.0,2.34435056E8,0.0,2.24361216E8,0.0,2.12731984E8
89.0,0.0,0.0,2.48817728E8,0.0,2.26596592E8,0.0,2.34435056E8,0.0,2.24361216E8,0.0,2.12731984E8
90.0,0.0,0.0,2.48817728E8,0.0,2.26596592E8,0.0,2.34435056E8,0.0,2.24361216E8,0.0,2.12731984E8
91.0,0.0,0.0,2.48817728E8,0.0,2.26596592E8,0.0,2.34435056E8,0.0,2.24361216E8,0.0,2.12731984E8
92.0,0.0,0.0,2.48817728E8,0.0,2.26596592E8,0.0,2.34435056E8,0.0,2.24361216E8,0.0,2.12731984E8
93.0,0.0,0.0,2.48817728E8,0.0,2.26596592E8,0.0,2.34435056E8,0.0,2.24361216E8,0.0,2.12731984E8
94.0,0.0,0.0,2.48817728E8,0.0,2.26596592E8,0.0,2.34435056E8,0.0,2.24361216E8,0.0,2.12731984E8
95.0,0.0,0.0,2.48817728E8,0.0,2.26596592E8,0.0,2.34435056E8,0.0,2.24361216E8,0.0,2.12731984E8
96.0,0.0,0.0,2.48817728E8,0.0,2.26596592E8,0.0,2.34435056E8,0.0,2.24361216E8,0.0,2.12731984E8
97.0,0.0,0.0,2.48817728E8,0.0,2.26596592E8,0.0,2.34435056E8,0.0,2.24361216E8,0.0,2.12731984E8
98.0,0.0,0.0,2.48817728E8,0.0,2.26596592E8,0.0,2.34435056E8,0.0,2.24361216E8,0.0,2.12731984E8
99.0,0.0,0.0,2.48817728E8,0.0,2.26596592E8,0.0,2.34435056E8,0.0,2.24361216E8,0.0,2.12731984E8
100.0,0.0,0.0,2.48817728E8,0.0,2.26596592E8,0.0,2.34435056E8,0.0,2.24361216E8,0.0,2.12731984E8
101.0,0.0,0.0,2.48817728E8,0.0,2.26596592E8,0.0,2.34435056E8,0.0,2.24361216E8,0.0,2.12731984E8
102.0,0.0,0.0,2.48817728E8,0.0,2.26596592E8,0.0,2.34435056E8,0.0,2.24361216E8,0.0,2.12731984E8
103.0,0.0,0.0,2.48817728E8,0.0,2.26596592E8,0.0,2.34435056E8,0.0,2.24361216E8,0.0,2.12731984E8
104.0,0.0,0.0,2.48817728E8,0.0,2.26596592E8,0.0,2.34435056E8,0.0,2.24361216E8,0.0,2.12731984E8
105.0,0.0,0.0,2.48817728E8,0.0,2.26596592E8,0.0,2.34435056E8,0.0,2.24361216E8,0.0,2.12731984E8
106.0,0.0,0.0,2.48817728E8,0.0,2.26596592E8,0.0,2.34435056E8,0.0,2.24361216E8,0.0,2.12731984E8
107.0,0.0,0.0,2.48817728E8,0.0,2.26596592E8,0.0,2.34435056E8,0.0,2.24361216E8,0.0,2.12731984E8
108.0,0.0,0.0,2.48817728E8,0.0,2.26596592E8,0.0,2.34435056E8,0.0,2.24361216E8,0.0,2.12731984E8
109.0,0.0,0.0,2.48817728E8,0.0,2.26596592E8,0.0,2.34435056E8,0.0,2.24361216E8,0.0,2.12731984E8
110.0,0.0,0.0,2.48817728E8,0.0,2.26596592E8,0.0,2.34435056E8,0.0,2.24361216E8,0.0,2.12731984E8
111.0,0.0,0.0,2.48817728E8,0.0,2.26596592E8,0.0,2.34435056E8,0.0,2.24361216E8,0.0,2.12731984E8
112.0,0.0,0.0,2.48817728E8,0.0,2.26596592E8,0.0,2.34435056E8,0.0,2.24361216E8,0.0,2.12731984E8
113.0,0.0,0.0,2.48817728E8,0.0,2.26596592E8,0.0,2.34435056E8,0.0,2.24361216E8,0.0,2.12731984E8
114.0,0.0,0.0,2.48817728E8,0.0,2.26596592E8,0.0,2.34435056E8,0.0,2.24361216E8,0.0,2.12731984E8
115.0,0.0,0.0,2.48817728E8,0.0,2.26596592E8,0.0,2.34435056E8,0.0,2.24361216E8,0.0,2.12731984E8
116.0,0.0,0.0,2.48817728E8,0.0,2.26596592E8,0.0,2.34435056E8,0.0,2.24361216E8,0.0,2.12731984E8
117.0,0.0,0.0,2.48817728E8,0.0,2.26596592E8,0.0,2.34435056E8,0.0,2.24361216E8,0.0,2.12731984E8
118.0,0.0,0.0,2.48817728E8,0.0,2.26596592E8,0.0,2.34435056E8,0.0,2.24361216E8,0.0,2.12731984E8
119.0,0.0,0.0,2.48817728E8,0.0,2.26596592E8,0.0,2.34435056E8,0.0,2.24361216E8,0.0,2.12731984E8
120.0,0.0,0.0,2.48817728E8,0.0,2.26596592E8,0.0,2.34435056E8,0.0,2.24361216E8,0.0,2.12731984E8
121.0,0.0,0.0,2.48817728E8,0.0,2.26596592E8,0.0,2.34435056E8,0.0,2.24361216E8,0.0,2.12731984E8
122.0,0.0,0.0,2.48817728E8,0.0,2.26596592E8,0.0,2.34435056E8,0.0,2.24361216E8,0.0,2.12731984E8
123.0,0.0,0.0,2.48817728E8,0.0,2.26596592E8,0.0,2.34435056E8,0.0,2.24361216E8,0.0,2.12731984E8
124.0,0.0,0.0,2.48817728E8,0.0,2.26596592E8,0.0,2.34435056E8,0.0,2.24361216E8,0.0,2.12731984E8
125.0,0.0,0.0,2.48817728E8,0.0,2.26596592E8,0.0,2.34435056E8,0.0,2.24361216E8,0.0,2.12731984E8
126.0,0.0,0.0,2.48817728E8,0.0,2.26596592E8,0.0,2.34435056E8,0.0,2.24361216E8,0.0,2.12731984E8
127.0,0.0,0.0,2.48817728E8,0.0,2.26596592E8,0.0,2.34435056E8,0.0,2.24361216E8,0.0,2.12731984E8
128.0,0.0,0.0,2.48817728E8,0.0,2.26596592E8,0.0,2.34435056E8,0.0,2.24361216E8,0.0,2.12731984E8
129.0,0.0,0.0,2.48817728E8,0.0,2.26596592E8,0.0,2.34435056E8,0.0,2.24361216E8,0.0,2.12731984E8
130.0,0.0,0.0,2.48817728E8,0.0,2.26596592E8,0.0,2.34435056E8,0.0,2.24361216E8,0.0,2.12731984E8
131.0,0.0,0.0,2.48817728E8,0.0,2.26596592E8,0.0,2.34435056E8,0.0,2.24361216E8,0.0,2.12731984E8
132.0,0.0,0.0,2.48817728E8,0.0,2.26596592E8,0.0,2.34435056E8,0.0,2.24361216E8,0.0,2.12731984E8
133.0,0.0,0.0,2.48817728E8,0.0,2.26596592E8,0.0,2.34435056E8,0.0,2.24361216E8,0.0,2.12731984E8
134.0,0.0,0.0,2.48817728E8,0.0,2.26596592E8,0.0,2.34435056E8,0.0,2.24361216E8,0.0,2.12731984E8
135.0,0.0,0.0,2.48817728E8,0.0,2.26596592E8,0.0,2.34435056E8,0.0,2.24361216E8,0.0,2.12731984E8
136.0,0.0,0.0,2.48817728E8,0.0,2.26596592E8,0.0,2.34435056E8,0.0,2.24361216E8,0.0,2.12731984E8
137.0,0.0,0.0,2.48817728E8,0.0,2.26596592E8,0.0,2.34435056E8,0.0,2.24361216E8,0.0,2.12731984E8
138.0,0.0,0.0,2.48817728E8,0.0,2.26596592E8,0.0,2.34435056E8,0.0,2.24361216E8,0.0,2.12731984E8
139.0,0.0,0.0,2.48817728E8,0.0,2.26596592E8,0.0,2.34435056E8,0.0,2.24361216E8,0.0,2.12731984E8
140.0,0.0,0.0,2.48817728E8,0.0,2.26596592E8,0.0,2.34435056E8,0.0,2.24361216E8,0.0,2.12731984E8
141.0,0.0,0.0,2.48817728E8,0.0,2.26596592E8,0.0,2.34435056E8,0.0,2.24361216E8,0.0,2.12731984E8
142.0,0.0,0.0,2.48817728E8,0.0,2.26596592E8,0.0,2.34435056E8,0.0,2.24361216E8,0.0,2.12731984E8
143.0,0.0,0.0,2.48817728E8,0.0,2.26596592E8,0.0,2.34435056E8,0.0,2.24361216E8,0.0,2.12731984E8
144.0,0.0,0.0,2.48817728E8,0.0,2.26596592E8,0.0,2.34435056E8,0.0,2.24361216E8,0.0,2.12731984E8
145.0,0.0,0.0,2.48817728E8,0.0,2.26596592E8,0.0,2.34435056E8,0.0,2.24361216E8,0.0,2.12731984E8
146.0,0.0,0.0,2.48817728E8,0.0,2.26596592E8,0.0,2.34435056E8,0.0,2.24361216E8,0.0,2.12731984E8
147.0,0.0,0.0,2.48817728E8,0.0,2.26596592E8,0.0,2.34435056E8,0.0,2.24361216E8,0.0,2.12731984E8
148.0,0.0,0.0,2.48817728E8,0.0,2.26596592E8,0.0,2.34435056E8,0.0,2.24361216E8,0.0,2.12731984E8
149.0,0.0,0.0,2.48817728E8,0.0,2.26596592E8,0.0,2.34435056E8,0.0,2.24361216E8,0.0,2.12731984E8
150.0,0.0,0.0,2.48817728E8,0.0,2.26596592E8,0.0,2.34435056E8,0.0,2.24361216E8,0.0,2.12731984E8
151.0,0.0,0.0,2.48817728E8,0.0,2.26596592E8,0.0,2.34435056E8,0.0,2.24361216E8,0.0,2.12731984E8
152.0,0.0,0.0,2.48817728E8,0.0,2.26596592E8,0.0,2.34435056E8,0.0,2.24361216E8,0.0,2.12731984E8
153.0,0.0,0.0,2.48817728E8,0.0,2.26596592E8,0.0,2.34435056E8,0.0,2.24361216E8,0.0,2.12731984E8
154.0,0.0,0.0,2.48817728E8,0.0,2.26596592E8,0.0,2.34435056E8,0.0,2.24361216E8,0.0,2.12731984E8
155.0,0.0,0.0,2.48817728E8,0.0,2.26596592E8,0.0,2.34435056E8,0.0,2.24361216E8,0.0,2.12731984E8
156.0,0.0,0.0,2.48817728E8,0.0,2.26596592E8,0.0,2.34435056E8,0.0,2.24361216E8,0.0,2.12731984E8
157.0,0.0,0.0,2.48817728E8,0.0,2.26596592E8,0.0,2.34435056E8,0.0,2.24361216E8,0.0,2.12731984E8
158.0,0.0,0.0,2.48817728E8,0.0,2.26596592E8,0.0,2.34435056E8,0.0,2.24361216E8,0.0,2.12731984E8
159.0,0.0,0.0,2.48817728E8,0.0,2.26596592E8,0.0,2.34435056E8,0.0,2.24361216E8,0.0,2.12731984E8
160.0,0.0,0.0,2.48817728E8,0.0,2.26596592E8,0.0,2.34435056E8,0.0,2.24361216E8,0.0,2.12731984E8
161.0,0.0,0.0,2.48817728E8,0.0,2.26596592E8,0.0,2.34435056E8,0.0,2.24361216E8,0.0,2.12731984E8
162.0,0.0,0.0,2.48817728E8,0.0,2.26596592E8,0.0,2.34435056E8,0.0,2.24361216E8,0.0,2.12731984E8
163.0,0.0,0.0,2.48817728E8,0.0,2.26596592E8,0.0,2.34435056E8,0.0,2.24361216E8,0.0,2.12731984E8
164.0,0.0,0.0,2.48817728E8,0.0,2.26596592E8,0.0,2.34435056E8,0.0,2.24361216E8,0.0,2.12731984E8
165.0,0.0,0.0,2.48817728E8,0.0,2.26596592E8,0.0,2.34435056E8,0.0,2.24361216E8,0.0,2.12731984E8
166.0,0.0,0.0,2.48817728E8,0.0,2.26596592E8,0.0,2.34435056E8,0.0,2.24361216E8,0.0,2.12731984E8
167.0,0.0,0.0,2.48817728E8,0.0,2.26596592E8,0.0,2.34435056E8,0.0,2.24361216E8,0.0,2.12731984E8
168.0,0.0,0.0,2.48817728E8,0.0,2.26596592E8,0.0,2.34435056E8,0.0,2.24361216E8,0.0,2.12731984E8
169.0,0.0,0.0,2.48817728E8,0.0,2.26596592E8,0.0,2.34435056E8,0.0,2.24361216E8,0.0,2.12731984E8
170.0,0.0,0.0,2.48817728E8,0.0,2.26596592E8,0.0,2.34435056E8,0.0,2.24361216E8,0.0,2.12731984E8
171.0,0.0,0.0,2.48817728E8,0.0,2.26596592E8,0.0,2.34435056E8,0.0,2.24361216E8,0.0,2.12731984E8
172.0,0.0,0.0,2.48817728E8,0.0,2.26596592E8,0.0,2.34435056E8,0.0,2.24361216E8,0.0,2.12731984E8
173.0,0.0,0.0,2.48817728E8,0.0,2.26596592E8,0.0,2.34435056E8,0.0,2.24361216E8,0.0,2.12731984E8
174.0,0.0,0.0,2.48817728E8,0.0,2.26596592E8,0.0,2.34435056E8,0.0,2.24361216E8,0.0,2.12731984E8
175.0,0.0,0.0,2.48817728E8,0.0,2.26596592E8,0.0,2.34435056E8,0.0,2.24361216E8,0.0,2.12731984E8
176.0,0.0,0.0,2.48817728E8,0.0,2.26596592E8,0.0,2.34435056E8,0.0,2.24361216E8,0.0,2.12731984E8
177.0,0.0,0.0,2.48817728E8,0.0,2.26596592E8,0.0,2.34435056E8,0.0,2.24361216E8,0.0,2.12731984E8
178.0,0.0,0.0,2.48817728E8,0.0,2.26596592E8,0.0,2.34435056E8,0.0,2.24361216E8,0.0,2.12731984E8
179.0,0.0,0.0,2.48817728E8,0.0,2.26596592E8,0.0,2.34435056E8,0.0,2.24361216E8,0.0,2.12731984E8
180.0,0.0,0.0,2.48817728E8,0.0,2.26596592E8,0.0,2.34435056E8,0.0,2.24361216E8,0.0,2.12731984E8
181.0,0.0,0.0,2.48817728E8,0.0,2.26596592E8,0.0,2.34435056E8,0.0,2.24361216E8,0.0,2.12731984E8
182.0,0.0,0.0,2.48817728E8,0.0,2.26596592E8,0.0,2.34435056E8,0.0,2.24361216E8,0.0,2.12731984E8
183.0,0.0,0.0,2.48817728E8,0.0,2.26596592E8,0.0,2.34435056E8,0.0,2.24361216E8,0.0,2.12731984E8
184.0,0.0,0.0,2.48817728E8,0.0,2.26596592E8,0.0,2.34435056E8,0.0,2.24361216E8,0.0,2.12731984E8
185.0,0.0,0.0,2.48817728E8,0.0,2.26596592E8,0.0,2.34435056E8,0.0,2.24361216E8,0.0,2.12731984E8
186.0,0.0,0.0,2.48817728E8,0.0,2.26596592E8,0.0,2.34435056E8,0.0,2.24361216E8,0.0,2.12731984E8
187.0,0.0,0.0,2.48817728E8,0.0,2.26596592E8,0.0,2.34435056E8,0.0,2.24361216E8,0.0,2.12731984E8
188.0,0.0,0.0,2.48817728E8,0.0,2.26596592E8,0.0,2.34435056E8,0.0,2.24361216E8,0.0,2.12731984E8
189.0,0.0,0.0,2.48817728E8,0.0,2.26596592E8,0.0,2.34435056E8,0.0,2.24361216E8,0.0,2.12731984E8
190.0,0.0,0.0,2.48817728E8,0.0,2.26596592E8,0.0,2.34435056E8,0.0,2.24361216E8,0.0,2.12731984E8
191.0,0.0,0.0,2.48817728E8,0.0,2.26596592E8,0.0,2.34435056E8,0.0,2.24361216E8,0.0,2.12731984E8
192.0,0.0,0.0,2.48817728E8,0.0,2.26596592E8,0.0,2.34435056E8,0.0,2.24361216E8,0.0,2.12731984E8
193.0,0.0,0.0,2.48817728E8,0.0,2.26596592E8,0.0,2.34435056E8,0.0,2.24361216E8,0.0,2.12731984E8
194.0,0.0,0.0,2.48817728E8,0.0,2.26596592E8,0.0,2.34435056E8,0.0,2.24361216E8,0.0,2.12731984E8
195.0,0.0,0.0,2.48817728E8,0.0,2.26596592E8,0.0,2.34435056E8,0.0,2.24361216E8,0.0,2.12731984E8
196.0,0.0,0.0,2.48817728E8,0.0,2.26596592E8,0.0,2.34435056E8,0.0,2.24361216E8,0.0,2.12731984E8
197.0,0.0,0.0,2.48817728E8,0.0,2.26596592E8,0.0,2.34435056E8,0.0,2.24361216E8,0.0,2.12731984E8
198.0,0.0,0.0,2.48817728E8,0.0,2.26596592E8,0.0,2.34435056E8,0.0,2.24361216E8,0.0,2.12731984E8
199.0,0.0,0.0,2.48817728E8,0.0,2.26596592E8,0.0,2.34435056E8,0.0,2.24361216E8,0.0,2.12731984E8
200.0,0.0,0.0,2.48817728E8,0.0,2.26596592E8,0.0,2.34435056E8,0.0,2.24361216E8,0.0,2.12731984E8
201.0,0.0,0.0,2.48817728E8,0.0,2.26596592E8,0.0,2.34435056E8,0.0,2.24361216E8,0.0,2.12731984E8
202.0,0.0,0.0,2.48817728E8,0.0,2.26596592E8,0.0,2.34435056E8,0.0,2.24361216E8,0.0,2.12731984E8
203.0,0.0,0.0,2.48817728E8,0.0,2.26596592E8,0.0,2.34435056E8,0.0,2.24361216E8,0.0,2.12731984E8
204.0,0.0,0.0,2.48817728E8,0.0,2.26596592E8,0.0,2.34435056E8,0.0,2.24361216E8,0.0,2.12731984E8
205.0,0.0,0.0,2.48817728E8,0.0,2.26596592E8,0.0,2.34435056E8,0.0,2.24361216E8,0.0,2.12731984E8
206.0,0.0,0.0,2.48817728E8,0.0,2.26596592E8,0.0,2.34435056E8,0.0,2.24361216E8,0.0,2.12731984E8
207.0,0.0,0.0,2.48817728E8,0.0,2.26596592E8,0.0,2.34435056E8,0.0,2.24361216E8,0.0,2.12731984E8
208.0,0.0,0.0,2.48817728E8,0.0,2.26596592E8,0.0,2.34435056E8,0.0,2.24361216E8,0.0,2.12731984E8
209.0,0.0,0.0,2.48817728E8,0.0,2.26596592E8,0.0,2.34435056E8,0.0,2.24361216E8,0.0,2.12731984E8
210.0,0.0,0.0,2.48817728E8,0.0,2.26596592E8,0.0,2.34435056E8,0.0,2.24361216E8,0.0,2.12731984E8
211.0,0.0,0.0,2.48817728E8,0.0,2.26596592E8,0.0,2.34435056E8,0.0,2.24361216E8,0.0,2.12731984E8
212.0,0.0,0.0,2.48817728E8,0.0,2.26596592E8,0.0,2.34435056E8,0.0,2.24361216E8,0.0,2.12731984E8
213.0,0.0,0.0,2.48817728E8,0.0,2.26596592E8,0.0,2.34435056E8,0.0,2.24361216E8,0.0,2.12731984E8
214.0,0.0,0.0,2.48817728E8,0.0,2.26596592E8,0.0,2.34435056E8,0.0,2.24361216E8,0.0,2.12731984E8
215.0,0.0,0.0,2.48817728E8,0.0,2.26596592E8,0.0,2.34435056E8,0.0,2.24361216E8,0.0,2.12731984E8
216.0,0.0,0.0,2.48817728E8,0.0,2.26596592E8,0.0,2.34435056E8,0.0,2.24361216E8,0.0,2.12731984E8
217.0,0.0,0.0,2.48817728E8,0.0,2.26596592E8,0.0,2.34435056E8,0.0,2.24361216E8,0.0,2.12731984E8
218.0,0.0,0.0,2.48817728E8,0.0,2.26596592E8,0.0,2.34435056E8,0.0,2.24361216E8,0.0,2.12731984E8
219.0,0.0,0.0,2.48817728E8,0.0,2.26596592E8,0.0,2.34435056E8,0.0,2.24361216E8,0.0,2.12731984E8
220.0,0.0,0.0,2.48817728E8,0.0,2.26596592E8,0.0,2.34435056E8,0.0,2.24361216E8,0.0,2.12731984E8
221.0,0.0,0.0,2.48817728E8,0.0,2.26596592E8,0.0,2.34435056E8,0.0,2.24361216E8,0.0,2.12731984E8
222.0,0.0,0.0,2.48817728E8,0.0,2.26596592E8,0.0,2.34435056E8,0.0,2.24361216E8,0.0,2.12731984E8
223.0,0.0,0.0,2.48817728E8,0.0,2.26596592E8,0.0,2.34435056E8,0.0,2.24361216E8,0.0,2.12731984E8
224.0,0.0,0.0,2.48817728E8,0.0,2.26596592E8,0.0,2.34435056E8,0.0,2.24361216E8,0.0,2.12731984E8
225.0,0.0,0.0,2.48817728E8,0.0,2.26596592E8,0.0,2.34435056E8,0.0,2.24361216E8,0.0,2.12731984E8
226.0,0.0,0.0,2.48817728E8,0.0,2.26596592E8,0.0,2.34435056E8,0.0,2.24361216E8,0.0,2.12731984E8
227.0,0.0,0.0,2.48817728E8,0.0,2.26596592E8,0.0,2.34435056E8,0.0,2.24361216E8,0.0,2.12731984E8
228.0,0.0,0.0,2.48817728E8,0.0,2.26596592E8,0.0,2.34435056E8,0.0,2.24361216E8,0.0,2.12731984E8
229.0,0.0,0.0,2.48817728E8,0.0,2.26596592E8,0.0,2.34435056E8,0.0,2.24361216E8,0.0,2.12731984E8
230.0,0.0,0.0,2.48817728E8,0.0,2.26596592E8,0.0,2.34435056E8,0.0,2.24361216E8,0.0,2.12731984E8
231.0,0.0,0.0,2.48817728E8,0.0,2.26596592E8,0.0,2.34435056E8,0.0,2.24361216E8,0.0,2.12731984E8
232.0,0.0,0.0,2.48817728E8,0.0,2.26596592E8,0.0,2.34435056E8,0.0,2.24361216E8,0.0,2.12731984E8
233.0,0.0,0.0,2.48817728E8,0.0,2.26596592E8,0.0,2.34435056E8,0.0,2.24361216E8,0.0,2.12731984E8
234.0,0.0,0.0,2.48817728E8,0.0,2.26596592E8,0.0,2.34435056E8,0.0,2.24361216E8,0.0,2.12731984E8
235.0,0.0,0.0,2.48817728E8,0.0,2.26596592E8,0.0,2.34435056E8,0.0,2.24361216E8,0.0,2.12731984E8
236.0,0.0,0.0,2.48817728E8,0.0,2.26596592E8,0.0,2.34435056E8,0.0,2.24361216E8,0.0,2.12731984E8
237.0,0.0,0.0,2.48817728E8,0.0,2.26596592E8,0.0,2.34435056E8,0.0,2.24361216E8,0.0,2.12731984E8
238.0,0.0,0.0,2.48817728E8,0.0,2.26596592E8,0.0,2.34435056E8,0.0,2.24361216E8,0.0,2.12731984E8
239.0,0.0,0.0,2.48817728E8,0.0,2.26596592E8,0.0,2.34435056E8,0.0,2.24361216E8,0.0,2.12731984E8
240.0,0.0,0.0,2.48817728E8,0.0,2.26596592E8,0.0,2.34435056E8,0.0,2.24361216E8,0.0,2.12731984E8
241.0,0.0,0.0,2.48817728E8,0.0,2.26596592E8,0.0,2.34435056E8,0.0,2.24361216E8,0.0,2.12731984E8
242.0,0.0,0.0,2.48817728E8,0.0,2.26596592E8,0.0,2.34435056E8,0.0,2.24361216E8,0.0,2.12731984E8
243.0,0.0,0.0,2.48817728E8,0.0,2.26596592E8,0.0,2.34435056E8,0.0,2.24361216E8,0.0,2.12731984E8
244.0,0.0,0.0,2.48817728E8,0.0,2.26596592E8,0.0,2.34435056E8,0.0,2.24361216E8,0.0,2.12731984E8
245.0,0.0,0.0,2.48817728E8,0.0,2.26596592E8,0.0,2.34435056E8,0.0,2.24361216E8,0.0,2.12731984E8
246.0,0.0,0.0,2.48817728E8,0.0,2.26596592E8,0.0,2.34435056E8,0.0,2.24361216E8,0.0,2.12731984E8
247.0,0.0,0.0,2.48817728E8,0.0,2.26596592E8,0.0,2.34435056E8,0.0,2.24361216E8,0.0,2.12731984E8
248.0,0.0,0.0,2.48817728E8,0.0,2.26596592E8,0.0,2.34435056E8,0.0,2.24361216E8,0.0,2.12731984E8
249.0,0.0,0.0,2.48817728E8,0.0,2.26596592E8,0.0,2.34435056E8,0.0,2.24361216E8,0.0,2.12731984E8
250.0,0.0,0.0,2.48817728E8,0.0,2.26596592E8,0.0,2.34435056E8,0.0,2.24361216E8,0.0,2.12731984E8
251.0,0.0,0.0,2.48817728E8,0.0,2.26596592E8,0.0,2.34435056E8,0.0,2.24361216E8,0.0,2.12731984E8
252.0,0.0,0.0,2.48817728E8,0.0,2.26596592E8,0.0,2.34435056E8,0.0,2.24361216E8,0.0,2.12731984E8
253.0,0.0,0.0,2.48817728E8,0.0,2.26596592E8,0.0,2.34435056E8,0.0,2.24361216E8,1.89821E7,5757952.0
254.0,0.0,0.0,2.48817728E8,0.0,2.26596592E8,0.0,2.34435056E8,0.0,2.24361216E8,1.89821E7,5757952.0
255.0,0.0,0.0,2.48817728E8,0.0,2.26596592E8,0.0,2.34435056E8,0.0,2.24361216E8,1.89821E7,5757952.0
256.0,0.0,0.0,2.48817728E8,0.0,2.26596592E8,0.0,2.34435056E8,0.0,2.24361216E8,1.89821E7,5757952.0
257.0,0.0,0.0,2.48817728E8,0.0,2.26596592E8,0.0,2.34435056E8,0.0,2.24361216E8,1.89821E7,5757952.0
258.0,0.0,0.0,2.48817728E8,0.0,2.26596592E8,0.0,2.34435056E8,0.0,2.24361216E8,1.89821E7,5757952.0
259.0,0.0,0.0,2.48817728E8,0.0,2.26596592E8,0.0,2.34435056E8,0.0,2.24361216E8,1.89821E7,5757952.0
260.0,0.0,0.0,2.48817728E8,0.0,2.26596592E8,0.0,2.34435056E8,0.0,2.24361216E8,1.89821E7,5757952.0
261.0,0.0,0.0,2.48817728E8,0.0,2.26596592E8,0.0,2.34435056E8,0.0,2.24361216E8,1.89821E7,5757952.0
262.0,0.0,0.0,2.48817728E8,0.0,2.26596592E8,0.0,2.34435056E8,0.0,2.24361216E8,1.89821E7,5757952.0
263.0,1.0,0.0,2.48817728E8,0.0,2.26596592E8,0.0,2.34435056E8,0.0,2.24361216E8,1.5367243E7,6.721052E7
264.0,1.0,0.0,2.48817728E8,0.0,2.26596592E8,0.0,2.34435056E8,0.0,2.24361216E8,1.5367243E7,6.721052E7
265.0,1.0,0.0,2.48817728E8,0.0,2.26596592E8,0.0,2.34435056E8,0.0,2.24361216E8,1.5367243E7,6.721052E7
266.0,1.0,0.0,2.48817728E8,0.0,2.26596592E8,0.0,2.34435056E8,0.0,2.24361216E8,1.5367243E7,6.721052E7
267.0,1.0,0.0,2.48817728E8,0.0,2.26596592E8,0.0,2.34435056E8,0.0,2.24361216E8,1.5367243E7,6.721052E7
268.0,1.0,0.0,2.48817728E8,0.0,2.26596592E8,0.0,2.34435056E8,0.0,2.24361216E8,1.5367243E7,6.721052E7
269.0,1.0,0.0,2.48817728E8,0.0,2.26596592E8,0.0,2.34435056E8,0.0,2.24361216E8,1.5367243E7,6.721052E7
270.0,1.0,0.0,2.48817728E8,0.0,2.26596592E8,0.0,2.34435056E8,0.0,2.24361216E8,1.5367243E7,6.721052E7
271.0,1.0,0.0,2.48817728E8,0.0,2.26596592E8,0.0,2.34435056E8,0.0,2.24361216E8,1.5367243E7,6.721052E7
272.0,1.0,0.0,2.48817728E8,0.0,2.26596592E8,0.0,2.34435056E8,0.0,2.24361216E8,1.5367243E7,6.721052E7
273.0,1.0,0.0,2.48817728E8,0.0,2.26596592E8,0.0,2.34435056E8,0.0,2.24361216E8,1.5367243E7,6.721052E7
274.0,1.0,0.0,2.48817728E8,0.0,2.26596592E8,0.0,2.34435056E8,0.0,2.24361216E8,1.5367243E7,6.721052E7
275.0,1.0,0.0,2.48817728E8,0.0,2.26596592E8,0.0,2.34435056E8,0.0,2.24361216E8,1.5367243E7,6.721052E7
276.0,1.0,0.0,2.48817728E8,0.0,2.26596592E8,0.0,2.34435056E8,0.0,2.24361216E8,1.5367243E7,6.721052E7
277.0,1.0,0.0,2.48817728E8,0.0,2.26596592E8,0.0,2.34435056E8,0.0,2.24361216E8,1.5367243E7,6.721052E7
278.0,1.0,1.7965556E7,7.5627024E7,0.0,2.26596592E8,0.0,2.34435056E8,0.0,2.24361216E8,1.5367243E7,6.721052E7
279.0,1.0,1.7965556E7,7.5627024E7,0.0,2.26596592E8,0.0,2.34435056E8,0.0,2.24361216E8,1.5367243E7,6.721052E7
280.0,1.0,1.7965556E7,7.5627024E7,0.0,2.26596592E8,0.0,2.34435056E8,0.0,2.24361216E8,1.5367243E7,6.721052E7
281.0,1.0,1.7965556E7,7.5627024E7,0.0,2.26596592E8,0.0,2.34435056E8,0.0,2.24361216E8,1.5367243E7,6.721052E7
282.0,1.0,1.7965556E7,7.5627024E7,0.0,2.26596592E8,0.0,2.34435056E8,0.0,2.24361216E8,3.4349336E7,-1.3976352E8
283.0,1.0,1.7965556E7,7.5627024E7,0.0,2.26596592E8,0.0,2.34435056E8,0.0,2.24361216E8,3.4349336E7,-1.3976352E8
284.0,1.0,1.7965556E7,7.5627024E7,0.0,2.26596592E8,0.0,2.34435056E8,0.0,2.24361216E8,3.4349336E7,-1.3976352E8
285.0,2.0,1.7965556E7,7.5627024E7,0.0,2.26596592E8,0.0,2.34435056E8,0.0,2.24361216E8,3.1021758E7,-8.3194696E7
286.0,2.0,1.7965556E7,7.5627024E7,0.0,2.26596592E8,0.0,2.34435056E8,0.0,2.24361216E8,3.1021758E7,-8.3194696E7
287.0,2.0,1.7965556E7,7.5627024E7,0.0,2.26596592E8,0.0,2.34435056E8,0.0,2.24361216E8,3.1021758E7,-8.3194696E7
288.0,2.0,1.7965556E7,7.5627024E7,0.0,2.26596592E8,0.0,2.34435056E8,0.0,2.24361216E8,3.1021758E7,-8.3194696E7
289.0,2.0,1.7965556E7,7.5627024E7,0.0,2.26596592E8,0.0,2.34435056E8,0.0,2.24361216E8,3.1021758E7,-8.3194696E7
290.0,2.0,1.7965556E7,7.5627024E7,0.0,2.26596592E8,0.0,2.34435056E8,0.0,2.24361216E8,3.1021758E7,-8.3194696E7
291.0,2.0,1.7965556E7,7.5627024E7,0.0,2.26596592E8,0.0,2.34435056E8,0.0,2.24361216E8,3.1021758E7,-8.3194696E7
292.0,2.0,1.7965556E7,7.5627024E7,0.0,2.26596592E8,0.0,2.34435056E8,0.0,2.24361216E8,3.1021758E7,-8.3194696E7
293.0,2.0,1.7965556E7,7.5627024E7,0.0,2.26596592E8,0.0,2.34435056E8,0.0,2.24361216E8,2.74069E7,-2.1742128E7
294.0,2.0,1.7965556E7,7.5627024E7,0.0,2.26596592E8,0.0,2.34435056E8,0.0,2.24361216E8,2.74069E7,-2.1742128E7
295.0,2.0,1.7965556E7,7.5627024E7,0.0,2.26596592E8,0.0,2.34435056E8,0.0,2.24361216E8,2.74069E7,-2.1742128E7
296.0,2.0,1.7965556E7,7.5627024E7,1.1725406E7,1.02038072E8,0.0,2.34435056E8,0.0,2.24361216E8,2.74069E7,-2.1742128E7
297.0,2.0,1.7965556E7,7.5627024E7,1.1725406E7,1.02038072E8,0.0,2.34435056E8,0.0,2.24361216E8,2.74069E7,-2.1742128E7
298.0,2.0,1.7965556E7,7.5627024E7,1.1725406E7,1.02038072E8,0.0,2.34435056E8,0.0,2.24361216E8,2.74069E7,-2.1742128E7
299.0,2.0,1.7965556E7,7.5627024E7,1.1725406E7,1.02038072E8,0.0,2.34435056E8,0.0,2.24361216E8,2.74069E7,-2.1742128E7
300.0,2.0,1.7965556E7,7.5627024E7,1.1725406E7,1.02038072E8,0.0,2.34435056E8,0.0,2.24361216E8,2.74069E7,-2.1742128E7
301.0,2.0,1.7965556E7,7.5627024E7,1.1725406E7,1.02038072E8,0.0,2.34435056E8,0.0,2.24361216E8,2.74069E7,-2.1742128E7
302.0,2.0,1.7965556E7,7.5627024E7,1.1725406E7,1.02038072E8,0.0,2.34435056E8,0.0,2.24361216E8,2.74069E7,-2.1742128E7
303.0,2.0,1.7965556E7,7.5627024E7,1.1725406E7,1.02038072E8,0.0,2.34435056E8,0.0,2.24361216E8,2.74069E7,-2.1742128E7
304.0,2.0,1.7965556E7,7.5627024E7,1.1725406E7,1.02038072E8,0.0,2.34435056E8,0.0,2.24361216E8,2.74069E7,-2.1742128E7
305.0,2.0,1.7965556E7,7.5627024E7,1.1725406E7,1.02038072E8,0.0,2.34435056E8,0.0,2.24361216E8,2.74069E7,-2.1742128E7
306.0,3.0,1.7965556E7,7.5627024E7,1.1725406E7,1.02038072E8,0.0,2.34435056E8,0.0,2.24361216E8,2.5116516E7,1.7194416E7
307.0,3.0,1.7965556E7,7.5627024E7,1.1725406E7,1.02038072E8,0.0,2.34435056E8,0.0,2.24361216E8,2.5116516E7,1.7194416E7
308.0,3.0,3.5931112E7,-9.756368E7,1.1725406E7,1.02038072E8,0.0,2.34435056E8,0.0,2.24361216E8,2.5116516E7,1.7194416E7
309.0,3.0,3.5931112E7,-9.756368E7,1.1725406E7,1.02038072E8,0.0,2.34435056E8,1.4712371E7,7.199224E7,2.5116516E7,1.7194416E7
310.0,3.0,3.5931112E7,-9.756368E7,1.1725406E7,1.02038072E8,0.0,2.34435056E8,1.4712371E7,7.199224E7,2.5116516E7,1.7194416E7
311.0,3.0,3.5931112E7,-9.756368E7,1.1725406E7,1.02038072E8,0.0,2.34435056E8,1.4712371E7,7.199224E7,2.5116516E7,1.7194416E7
312.0,3.0,3.5931112E7,-9.756368E7,1.1725406E7,1.02038072E8,0.0,2.34435056E8,1.4712371E7,7.199224E7,4.4098612E7,-1.89779632E8
313.0,3.0,3.5931112E7,-9.756368E7,1.1725406E7,1.02038072E8,0.0,2.34435056E8,1.4712371E7,7.199224E7,4.4098612E7,-1.89779632E8
314.0,3.0,3.5931112E7,-9.756368E7,1.1725406E7,1.02038072E8,0.0,2.34435056E8,1.4712371E7,7.199224E7,4.4098612E7,-1.89779632E8
315.0,3.0,3.5931112E7,-9.756368E7,1.1725406E7,1.02038072E8,0.0,2.34435056E8,1.4712371E7,7.199224E7,4.0771032E7,-1.33210808E8
316.0,3.0,3.5931112E7,-9.756368E7,1.1725406E7,1.02038072E8,0.0,2.34435056E8,1.4712371E7,7.199224E7,4.0771032E7,-1.33210808E8
317.0,3.0,3.5931112E7,-9.756368E7,1.1725406E7,1.02038072E8,0.0,2.34435056E8,1.4712371E7,7.199224E7,4.0771032E7,-1.33210808E8
318.0,3.0,3.5931112E7,-9.756368E7,1.1725406E7,1.02038072E8,0.0,2.34435056E8,1.4712371E7,7.199224E7,4.0771032E7,-1.33210808E8
319.0,3.0,3.5931112E7,-9.756368E7,1.1725406E7,1.02038072E8,0.0,2.34435056E8,1.4712371E7,7.199224E7,4.0771032E7,-1.33210808E8
320.0,3.0,3.5931112E7,-9.756368E7,1.1725406E7,1.02038072E8,0.0,2.34435056E8,1.4712371E7,7.199224E7,4.0771032E7,-1.33210808E8
321.0,3.0,3.5931112E7,-9.756368E7,1.1725406E7,1.02038072E8,0.0,2.34435056E8,1.4712371E7,7.199224E7,4.0771032E7,-1.33210808E8
322.0,3.0,3.5931112E7,-9.756368E7,1.1725406E7,1.02038072E8,0.0,2.34435056E8,1.4712371E7,7.199224E7,4.0771032E7,-1.33210808E8
323.0,3.0,3.5931112E7,-9.756368E7,1.1725406E7,1.02038072E8,0.0,2.34435056E8,1.4712371E7,7.199224E7,3.7156176E7,-7.175824E7
324.0,3.0,3.5931112E7,-9.756368E7,2.3450814E7,-2.2520436E7,0.0,2.34435056E8,1.4712371E7,7.199224E7,3.7156176E7,-7.175824E7
325.0,3.0,3.5931112E7,-9.756368E7,2.3450814E7,-2.2520436E7,0.0,2.34435056E8,1.4712371E7,7.199224E7,3.7156176E7,-7.175824E7
326.0,3.0,3.5931112E7,-9.756368E7,2.3450814E7,-2.2520436E7,0.0,2.34435056E8,1.4712371E7,7.199224E7,3.7156176E7,-7.175824E7
327.0,3.0,3.5931112E7,-9.756368E7,2.3450814E7,-2.2520436E7,0.0,2.34435056E8,1.4712371E7,7.199224E7,3.7156176E7,-7.175824E7
328.0,4.0,3.5931112E7,-9.756368E7,2.3450814E7,-2.2520436E7,4503759.0,1.8926184E8,1.4712371E7,7.199224E7,3.4160784E7,-2.0836576E7
329.0,4.0,3.5931112E7,-9.756368E7,2.3450814E7,-2.2520436E7,4503759.0,1.8926184E8,1.4712371E7,7.199224E7,3.4160784E7,-2.0836576E7
330.0,4.0,3.5931112E7,-9.756368E7,2.3450814E7,-2.2520436E7,4503759.0,1.8926184E8,1.4712371E7,7.199224E7,3.4160784E7,-2.0836576E7
331.0,4.0,3.5931112E7,-9.756368E7,2.3450814E7,-2.2520436E7,4503759.0,1.8926184E8,1.4712371E7,7.199224E7,3.4160784E7,-2.0836576E7
332.0,4.0,3.5931112E7,-9.756368E7,2.3450814E7,-2.2520436E7,4503759.0,1.8926184E8,1.4712371E7,7.199224E7,3.4160784E7,-2.0836576E7
333.0,4.0,3.5931112E7,-9.756368E7,2.3450814E7,-2.2520436E7,4503759.0,1.8926184E8,1.4712371E7,7.199224E7,3.4160784E7,-2.0836576E7
334.0,4.0,3.5931112E7,-9.756368E7,2.3450814E7,-2.2520436E7,4503759.0,1.8926184E8,1.4712371E7,7.199224E7,3.4160784E7,-2.0836576E7
335.0,4.0,3.5931112E7,-9.756368E7,2.3450814E7,-2.2520436E7,4503759.0,1.8926184E8,1.4712371E7,7.199224E7,3.18704E7,1.8099968E7
336.0,4.0,3.5931112E7,-9.756368E7,2.3450814E7,-2.2520436E7,4503759.0,1.8926184E8,1.4712371E7,7.199224E7,3.18704E7,1.8099968E7
337.0,4.0,5.3896672E7,-2.707544E8,2.3450814E7,-2.2520436E7,4503759.0,1.8926184E8,1.4712371E7,7.199224E7,3.18704E7,1.8099968E7
338.0,4.0,5.3896672E7,-2.707544E8,2.3450814E7,-2.2520436E7,4503759.0,1.8926184E8,2.9424744E7,-8.0376752E7,3.18704E7,1.8099968E7
339.0,4.0,5.3896672E7,-2.707544E8,2.3450814E7,-2.2520436E7,4503759.0,1.8926184E8,2.9424744E7,-8.0376752E7,3.18704E7,1.8099968E7
340.0,4.0,5.3896672E7,-2.707544E8,2.3450814E7,-2.2520436E7,4503759.0,1.8926184E8,2.9424744E7,-8.0376752E7,3.18704E7,1.8099968E7
341.0,4.0,5.3896672E7,-2.707544E8,2.3450814E7,-2.2520436E7,4503759.0,1.8926184E8,2.9424744E7,-8.0376752E7,3.18704E7,1.8099968E7
342.0,4.0,5.3896672E7,-2.707544E8,2.3450814E7,-2.2520436E7,4503759.0,1.8926184E8,2.9424744E7,-8.0376752E7,5.0852492E7,-1.8887408E8
343.0,4.0,5.3896672E7,-2.707544E8,2.3450814E7,-2.2520436E7,4503759.0,1.8926184E8,2.9424744E7,-8.0376752E7,5.0852492E7,-1.8887408E8
344.0,4.0,5.3896672E7,-2.707544E8,2.3450814E7,-2.2520436E7,4503759.0,1.8926184E8,2.9424744E7,-8.0376752E7,4.7524912E7,-1.32305256E8
345.0,4.0,5.3896672E7,-2.707544E8,2.3450814E7,-2.2520436E7,4503759.0,1.8926184E8,2.9424744E7,-8.0376752E7,4.7524912E7,-1.32305256E8
346.0,4.0,5.3896672E7,-2.707544E8,2.3450814E7,-2.2520436E7,4503759.0,1.8926184E8,2.9424744E7,-8.0376752E7,4.7524912E7,-1.32305256E8
347.0,4.0,5.3896672E7,-2.707544E8,2.3450814E7,-2.2520436E7,4503759.0,1.8926184E8,2.9424744E7,-8.0376752E7,4.7524912E7,-1.32305256E8
348.0,4.0,5.3896672E7,-2.707544E8,2.3450814E7,-2.2520436E7,4503759.0,1.8926184E8,2.9424744E7,-8.0376752E7,4.7524912E7,-1.32305256E8
349.0,5.0,5.3896672E7,-2.707544E8,2.3450814E7,-2.2520436E7,4503759.0,1.8926184E8,2.9424744E7,-8.0376752E7,4.4539252E7,-8.1549024E7
350.0,5.0,5.3896672E7,-2.707544E8,2.3450814E7,-2.2520436E7,4503759.0,1.8926184E8,2.9424744E7,-8.0376752E7,4.4539252E7,-8.1549024E7
351.0,5.0,5.3896672E7,-2.707544E8,2.3450814E7,-2.2520436E7,4503759.0,1.8926184E8,2.9424744E7,-8.0376752E7,4.4539252E7,-8.1549024E7
352.0,5.0,5.3896672E7,-2.707544E8,2.3450814E7,-2.2520436E7,4503759.0,1.8926184E8,2.9424744E7,-8.0376752E7,4.4539252E7,-8.1549024E7
353.0,5.0,5.3896672E7,-2.707544E8,2.3450814E7,-2.2520436E7,4503759.0,1.8926184E8,2.9424744E7,-8.0376752E7,4.0924396E7,-2.0096456E7
354.0,5.0,5.3896672E7,-2.707544E8,2.3450814E7,-2.2520436E7,4503759.0,1.8926184E8,2.9424744E7,-8.0376752E7,4.0924396E7,-2.0096456E7
355.0,5.0,5.3896672E7,-2.707544E8,3.5176224E7,-1.47078944E8,4503759.0,1.8926184E8,2.9424744E7,-8.0376752E7,4.0924396E7,-2.0096456E7
356.0,5.0,5.3896672E7,-2.707544E8,3.5176224E7,-1.47078944E8,9007518.0,1.44088624E8,2.9424744E7,-8.0376752E7,3.7929004E7,3.0825208E7
357.0,5.0,5.3896672E7,-2.707544E8,3.5176224E7,-1.47078944E8,9007518.0,1.44088624E8,2.9424744E7,-8.0376752E7,3.7929004E7,3.0825208E7
358.0,5.0,5.3896672E7,-2.707544E8,3.5176224E7,-1.47078944E8,9007518.0,1.44088624E8,2.9424744E7,-8.0376752E7,3.7929004E7,3.0825208E7
359.0,5.0,5.3896672E7,-2.707544E8,3.5176224E7,-1.47078944E8,9007518.0,1.44088624E8,2.9424744E7,-8.0376752E7,3.7929004E7,3.0825208E7
360.0,5.0,5.3896672E7,-2.707544E8,3.5176224E7,-1.47078944E8,9007518.0,1.44088624E8,2.9424744E7,-8.0376752E7,3.7929004E7,3.0825208E7
361.0,5.0,5.3896672E7,-2.707544E8,3.5176224E7,-1.47078944E8,9007518.0,1.44088624E8,2.9424744E7,-8.0376752E7,3.7929004E7,3.0825208E7
362.0,5.0,5.3896672E7,-2.707544E8,3.5176224E7,-1.47078944E8,9007518.0,1.44088624E8,2.9424744E7,-8.0376752E7,3.7929004E7,3.0825208E7
363.0,5.0,5.3896672E7,-2.707544E8,3.5176224E7,-1.47078944E8,9007518.0,1.44088624E8,2.9424744E7,-8.0376752E7,3.7929004E7,3.0825208E7
364.0,5.0,5.3896672E7,-2.707544E8,3.5176224E7,-1.47078944E8,9007518.0,1.44088624E8,2.9424744E7,-8.0376752E7,3.7929004E7,3.0825208E7
365.0,5.0,5.3896672E7,-2.707544E8,3.5176224E7,-1.47078944E8,9007518.0,1.44088624E8,2.9424744E7,-8.0376752E7,3.7929004E7,3.0825208E7
366.0,5.0,5.3896672E7,-2.707544E8,3.5176224E7,-1.47078944E8,9007518.0,1.44088624E8,2.9424744E7,-8.0376752E7,3.563862E7,6.9761752E7
367.0,5.0,7.1862232E7,-4.4394512E8,3.5176224E7,-1.47078944E8,9007518.0,1.44088624E8,2.9424744E7,-8.0376752E7,3.563862E7,6.9761752E7
368.0,5.0,7.1862232E7,-4.4394512E8,3.5176224E7,-1.47078944E8,9007518.0,1.44088624E8,4.4137108E7,-2.3274576E8,3.563862E7,6.9761752E7
369.0,5.0,7.1862232E7,-4.4394512E8,3.5176224E7,-1.47078944E8,9007518.0,1.44088624E8,4.4137108E7,-2.3274576E8,3.563862E7,6.9761752E7
370.0,5.0,7.1862232E7,-4.4394512E8,3.5176224E7,-1.47078944E8,9007518.0,1.44088624E8,4.4137108E7,-2.3274576E8,3.563862E7,6.9761752E7
371.0,5.0,7.1862232E7,-4.4394512E8,3.5176224E7,-1.47078944E8,9007518.0,1.44088624E8,4.4137108E7,-2.3274576E8,3.563862E7,6.9761752E7
372.0,5.0,7.1862232E7,-4.4394512E8,3.5176224E7,-1.47078944E8,9007518.0,1.44088624E8,4.4137108E7,-2.3274576E8,5.4620716E7,-1.37212288E8
373.0,5.0,7.1862232E7,-4.4394512E8,3.5176224E7,-1.47078944E8,9007518.0,1.44088624E8,4.4137108E7,-2.3274576E8,5.4620716E7,-1.37212288E8
374.0,5.0,7.1862232E7,-4.4394512E8,3.5176224E7,-1.47078944E8,9007518.0,1.44088624E8,4.4137108E7,-2.3274576E8,5.1293136E7,-8.0643464E7
375.0,5.0,7.1862232E7,-4.4394512E8,3.5176224E7,-1.47078944E8,9007518.0,1.44088624E8,4.4137108E7,-2.3274576E8,5.1293136E7,-8.0643464E7
376.0,5.0,7.1862232E7,-4.4394512E8,3.5176224E7,-1.47078944E8,9007518.0,1.44088624E8,4.4137108E7,-2.3274576E8,5.1293136E7,-8.0643464E7
377.0,5.0,7.1862232E7,-4.4394512E8,3.5176224E7,-1.47078944E8,9007518.0,1.44088624E8,4.4137108E7,-2.3274576E8,5.1293136E7,-8.0643464E7
378.0,6.0,7.1862232E7,-4.4394512E8,3.5176224E7,-1.47078944E8,9007518.0,1.44088624E8,4.4137108E7,-2.3274576E8,4.6433356E7,1972812.0
379.0,6.0,7.1862232E7,-4.4394512E8,3.5176224E7,-1.47078944E8,9007518.0,1.44088624E8,4.4137108E7,-2.3274576E8,4.6433356E7,1972812.0
380.0,6.0,7.1862232E7,-4.4394512E8,3.5176224E7,-1.47078944E8,9007518.0,1.44088624E8,4.4137108E7,-2.3274576E8,4.6433356E7,1972812.0
381.0,6.0,7.1862232E7,-4.4394512E8,3.5176224E7,-1.47078944E8,9007518.0,1.44088624E8,4.4137108E7,-2.3274576E8,4.6433356E7,1972812.0
382.0,6.0,7.1862232E7,-4.4394512E8,3.5176224E7,-1.47078944E8,9007518.0,1.44088624E8,4.4137108E7,-2.3274576E8,4.6433356E7,1972812.0
383.0,6.0,7.1862232E7,-4.4394512E8,3.5176224E7,-1.47078944E8,9007518.0,1.44088624E8,4.4137108E7,-2.3274576E8,4.28185E7,6.342538E7
384.0,6.0,7.1862232E7,-4.4394512E8,3.5176224E7,-1.47078944E8,9007518.0,1.44088624E8,4.4137108E7,-2.3274576E8,4.28185E7,6.342538E7
385.0,6.0,7.1862232E7,-4.4394512E8,4.6901632E7,-2.7163744E8,1.1900934E7,1.09367632E8,4.4137108E7,-2.3274576E8,4.28185E7,6.342538E7
386.0,6.0,7.1862232E7,-4.4394512E8,4.6901632E7,-2.7163744E8,1.6404693E7,6.4194416E7,4.4137108E7,-2.3274576E8,3.9823108E7,1.1434704E8
387.0,6.0,7.1862232E7,-4.4394512E8,4.6901632E7,-2.7163744E8,1.6404693E7,6.4194416E7,4.4137108E7,-2.3274576E8,3.9823108E7,1.1434704E8
388.0,6.0,7.1862232E7,-4.4394512E8,4.6901632E7,-2.7163744E8,1.6404693E7,6.4194416E7,4.4137108E7,-2.3274576E8,3.9823108E7,1.1434704E8
389.0,6.0,7.1862232E7,-4.4394512E8,4.6901632E7,-2.7163744E8,1.6404693E7,6.4194416E7,4.4137108E7,-2.3274576E8,3.9823108E7,1.1434704E8
390.0,6.0,7.1862232E7,-4.4394512E8,4.6901632E7,-2.7163744E8,1.6404693E7,6.4194416E7,4.4137108E7,-2.3274576E8,3.9823108E7,1.1434704E8
391.0,6.0,7.1862232E7,-4.4394512E8,4.6901632E7,-2.7163744E8,1.6404693E7,6.4194416E7,4.4137108E7,-2.3274576E8,3.9823108E7,1.1434704E8
392.0,6.0,7.1862232E7,-4.4394512E8,4.6901632E7,-2.7163744E8,1.6404693E7,6.4194416E7,4.4137108E7,-2.3274576E8,3.9823108E7,1.1434704E8
393.0,6.0,7.1862232E7,-4.4394512E8,4.6901632E7,-2.7163744E8,1.6404693E7,6.4194416E7,4.4137108E7,-2.3274576E8,3.9823108E7,1.1434704E8
394.0,6.0,7.1862232E7,-4.4394512E8,4.6901632E7,-2.7163744E8,1.6404693E7,6.4194416E7,4.4137108E7,-2.3274576E8,3.9823108E7,1.1434704E8
395.0,6.0,7.1862232E7,-4.4394512E8,4.6901632E7,-2.7163744E8,1.6404693E7,6.4194416E7,4.4137108E7,-2.3274576E8,3.7532724E7,1.53283584E8
396.0,6.0,7.1862232E7,-4.4394512E8,4.6901632E7,-2.7163744E8,1.6404693E7,6.4194416E7,4.4137108E7,-2.3274576E8,3.7532724E7,1.53283584E8
397.0,6.0,8.98278E7,-6.17135808E8,4.6901632E7,-2.7163744E8,1.6404693E7,6.4194416E7,4.4137108E7,-2.3274576E8,3.7532724E7,1.53283584E8
398.0,6.0,8.98278E7,-6.17135808E8,4.6901632E7,-2.7163744E8,1.6404693E7,6.4194416E7,4.4137108E7,-2.3274576E8,3.7532724E7,1.53283584E8
399.0,6.0,8.98278E7,-6.17135808E8,4.6901632E7,-2.7163744E8,1.6404693E7,6.4194416E7,5.8849476E7,-3.85114752E8,3.7532724E7,1.53283584E8
400.0,6.0,8.98278E7,-6.17135808E8,4.6901632E7,-2.7163744E8,1.6404693E7,6.4194416E7,5.8849476E7,-3.85114752E8,3.7532724E7,1.53283584E8
401.0,6.0,8.98278E7,-6.17135808E8,4.6901632E7,-2.7163744E8,1.6404693E7,6.4194416E7,5.8849476E7,-3.85114752E8,3.7532724E7,1.53283584E8
402.0,6.0,8.98278E7,-6.17135808E8,4.6901632E7,-2.7163744E8,1.6404693E7,6.4194416E7,5.8849476E7,-3.85114752E8,5.651482E7,-5.3690452E7
403.0,6.0,8.98278E7,-6.17135808E8,4.6901632E7,-2.7163744E8,1.6404693E7,6.4194416E7,5.8849476E7,-3.85114752E8,5.651482E7,-5.3690452E7
404.0,6.0,8.98278E7,-6.17135808E8,4.6901632E7,-2.7163744E8,1.6404693E7,6.4194416E7,5.8849476E7,-3.85114752E8,5.318724E7,2878372.0
405.0,6.0,8.98278E7,-6.17135808E8,4.6901632E7,-2.7163744E8,1.6404693E7,6.4194416E7,5.8849476E7,-3.85114752E8,5.318724E7,2878372.0
406.0,6.0,8.98278E7,-6.17135808E8,4.6901632E7,-2.7163744E8,1.6404693E7,6.4194416E7,5.8849476E7,-3.85114752E8,5.318724E7,2878372.0
407.0,6.0,8.98278E7,-6.17135808E8,4.6901632E7,-2.7163744E8,1.6404693E7,6.4194416E7,5.8849476E7,-3.85114752E8,5.131312E7,3.4738412E7
408.0,6.0,8.98278E7,-6.17135808E8,4.6901632E7,-2.7163744E8,1.6404693E7,6.4194416E7,5.8849476E7,-3.85114752E8,4.832746E7,8.5494648E7
409.0,6.0,8.98278E7,-6.17135808E8,4.6901632E7,-2.7163744E8,1.6404693E7,6.4194416E7,5.8849476E7,-3.85114752E8,4.832746E7,8.5494648E7
410.0,6.0,8.98278E7,-6.17135808E8,4.6901632E7,-2.7163744E8,1.6404693E7,6.4194416E7,5.8849476E7,-3.85114752E8,4.832746E7,8.5494648E7
411.0,6.0,8.98278E7,-6.17135808E8,4.6901632E7,-2.7163744E8,1.6404693E7,6.4194416E7,5.8849476E7,-3.85114752E8,4.832746E7,8.5494648E7
412.0,6.0,8.98278E7,-6.17135808E8,4.6901632E7,-2.7163744E8,1.6404693E7,6.4194416E7,5.8849476E7,-3.85114752E8,4.832746E7,8.5494648E7
413.0,6.0,8.98278E7,-6.17135808E8,4.6901632E7,-2.7163744E8,1.6404693E7,6.4194416E7,5.8849476E7,-3.85114752E8,4.4712604E7,1.46947216E8
414.0,6.0,8.98278E7,-6.17135808E8,5.862704E7,-3.96195936E8,1.6404693E7,6.4194416E7,5.8849476E7,-3.85114752E8,4.4712604E7,1.46947216E8
415.0,6.0,8.98278E7,-6.17135808E8,5.862704E7,-3.96195936E8,1.6404693E7,6.4194416E7,5.8849476E7,-3.85114752E8,4.4712604E7,1.46947216E8
416.0,6.0,8.98278E7,-6.17135808E8,5.862704E7,-3.96195936E8,2.1221656E7,6390872.0,5.8849476E7,-3.85114752E8,4.4712604E7,1.46947216E8
417.0,6.0,8.98278E7,-6.17135808E8,5.862704E7,-3.96195936E8,2.5725416E7,-3.8782344E7,5.8849476E7,-3.85114752E8,4.1717212E7,1.9786888E8
418.0,6.0,8.98278E7,-6.17135808E8,5.862704E7,-3.96195936E8,2.5725416E7,-3.8782344E7,5.8849476E7,-3.85114752E8,4.1717212E7,1.9786888E8
419.0,6.0,8.98278E7,-6.17135808E8,5.862704E7,-3.96195936E8,2.5725416E7,-3.8782344E7,5.8849476E7,-3.85114752E8,4.1717212E7,1.9786888E8
420.0,6.0,8.98278E7,-6.17135808E8,5.862704E7,-3.96195936E8,2.5725416E7,-3.8782344E7,5.8849476E7,-3.85114752E8,4.1717212E7,1.9786888E8
421.0,6.0,8.98278E7,-6.17135808E8,5.862704E7,-3.96195936E8,2.5725416E7,-3.8782344E7,5.8849476E7,-3.85114752E8,4.279516E7,1.89245312E8
422.0,6.0,8.98278E7,-6.17135808E8,5.862704E7,-3.96195936E8,2.5725416E7,-3.8782344E7,5.8849476E7,-3.85114752E8,4.279516E7,1.89245312E8
423.0,7.0,8.98278E7,-6.17135808E8,5.862704E7,-3.96195936E8,2.5725416E7,-3.8782344E7,5.8849476E7,-3.85114752E8,4.111596E7,2.17791728E8
424.0,7.0,8.98278E7,-6.17135808E8,5.862704E7,-3.96195936E8,2.5725416E7,-3.8782344E7,5.8849476E7,-3.85114752E8,4.111596E7,2.17791728E8
425.0,7.0,8.98278E7,-6.17135808E8,5.862704E7,-3.96195936E8,2.5725416E7,-3.8782344E7,5.8849476E7,-3.85114752E8,3.8825576E7,2.56728272E8
426.0,7.0,8.98278E7,-6.17135808E8,5.862704E7,-3.96195936E8,2.5725416E7,-3.8782344E7,5.8849476E7,-3.85114752E8,3.8825576E7,2.56728272E8
427.0,7.0,8.98278E7,-6.17135808E8,5.862704E7,-3.96195936E8,2.5725416E7,-3.8782344E7,5.8849476E7,-3.85114752E8,3.8825576E7,2.56728272E8
428.0,7.0,1.07793368E8,-7.90326592E8,5.862704E7,-3.96195936E8,2.5725416E7,-3.8782344E7,5.8849476E7,-3.85114752E8,3.8825576E7,2.56728272E8
429.0,7.0,1.07793368E8,-7.90326592E8,5.862704E7,-3.96195936E8,2.5725416E7,-3.8782344E7,7.3561848E7,-5.37483712E8,3.8825576E7,2.56728272E8
430.0,7.0,1.07793368E8,-7.90326592E8,5.862704E7,-3.96195936E8,2.5725416E7,-3.8782344E7,7.3561848E7,-5.37483712E8,3.8825576E7,2.56728272E8
431.0,7.0,1.07793368E8,-7.90326592E8,5.862704E7,-3.96195936E8,2.5725416E7,-3.8782344E7,7.3561848E7,-5.37483712E8,3.8825576E7,2.56728272E8
432.0,7.0,1.07793368E8,-7.90326592E8,5.862704E7,-3.96195936E8,2.5725416E7,-3.8782344E7,7.3561848E7,-5.37483712E8,3.8825576E7,2.56728272E8
433.0,7.0,1.07793368E8,-7.90326592E8,5.862704E7,-3.96195936E8,2.5725416E7,-3.8782344E7,7.3561848E7,-5.37483712E8,5.7807668E7,4.9754244E7
434.0,7.0,1.07793368E8,-7.90326592E8,5.862704E7,-3.96195936E8,2.5725416E7,-3.8782344E7,7.3561848E7,-5.37483712E8,5.7807668E7,4.9754244E7
435.0,7.0,1.07793368E8,-7.90326592E8,5.862704E7,-3.96195936E8,2.5725416E7,-3.8782344E7,7.3561848E7,-5.37483712E8,5.4480088E7,1.06323072E8
436.0,7.0,1.07793368E8,-7.90326592E8,5.862704E7,-3.96195936E8,2.5725416E7,-3.8782344E7,7.3561848E7,-5.37483712E8,5.4480088E7,1.06323072E8
437.0,7.0,1.07793368E8,-7.90326592E8,5.862704E7,-3.96195936E8,2.5725416E7,-3.8782344E7,7.3561848E7,-5.37483712E8,5.4480088E7,1.06323072E8
438.0,7.0,1.07793368E8,-7.90326592E8,5.862704E7,-3.96195936E8,2.5725416E7,-3.8782344E7,7.3561848E7,-5.37483712E8,4.9620308E7,1.88939344E8
439.0,7.0,1.07793368E8,-7.90326592E8,5.862704E7,-3.96195936E8,2.5725416E7,-3.8782344E7,7.3561848E7,-5.37483712E8,4.9620308E7,1.88939344E8
440.0,7.0,1.07793368E8,-7.90326592E8,5.862704E7,-3.96195936E8,2.5725416E7,-3.8782344E7,7.3561848E7,-5.37483712E8,4.9620308E7,1.88939344E8
441.0,7.0,1.07793368E8,-7.90326592E8,5.862704E7,-3.96195936E8,2.5725416E7,-3.8782344E7,7.3561848E7,-5.37483712E8,4.9620308E7,1.88939344E8
442.0,7.0,1.07793368E8,-7.90326592E8,5.862704E7,-3.96195936E8,2.5725416E7,-3.8782344E7,7.3561848E7,-5.37483712E8,4.9620308E7,1.88939344E8
443.0,7.0,1.07793368E8,-7.90326592E8,5.862704E7,-3.96195936E8,2.5725416E7,-3.8782344E7,7.3561848E7,-5.37483712E8,4.6005452E7,2.50391904E8
444.0,7.0,1.07793368E8,-7.90326592E8,7.0352448E7,-5.20754432E8,2.7648962E7,-6.1864896E7,7.3561848E7,-5.37483712E8,4.6005452E7,2.50391904E8
445.0,7.0,1.07793368E8,-7.90326592E8,7.0352448E7,-5.20754432E8,2.7648962E7,-6.1864896E7,7.3561848E7,-5.37483712E8,4.6005452E7,2.50391904E8
446.0,7.0,1.07793368E8,-7.90326592E8,7.0352448E7,-5.20754432E8,3.0542378E7,-9.6585888E7,7.3561848E7,-5.37483712E8,4.6005452E7,2.50391904E8
447.0,7.0,1.07793368E8,-7.90326592E8,7.0352448E7,-5.20754432E8,3.5046136E7,-1.41759104E8,7.3561848E7,-5.37483712E8,4.301006E7,3.01313568E8
448.0,7.0,1.07793368E8,-7.90326592E8,7.0352448E7,-5.20754432E8,3.5046136E7,-1.41759104E8,7.3561848E7,-5.37483712E8,4.301006E7,3.01313568E8
449.0,7.0,1.07793368E8,-7.90326592E8,7.0352448E7,-5.20754432E8,3.5046136E7,-1.41759104E8,7.3561848E7,-5.37483712E8,4.301006E7,3.01313568E8
450.0,7.0,1.07793368E8,-7.90326592E8,7.0352448E7,-5.20754432E8,3.5046136E7,-1.41759104E8,7.3561848E7,-5.37483712E8,4.301006E7,3.01313568E8
451.0,7.0,1.07793368E8,-7.90326592E8,7.0352448E7,-5.20754432E8,3.5046136E7,-1.41759104E8,7.3561848E7,-5.37483712E8,4.4088008E7,2.92689984E8
452.0,7.0,1.07793368E8,-7.90326592E8,7.0352448E7,-5.20754432E8,3.5046136E7,-1.41759104E8,7.3561848E7,-5.37483712E8,4.4088008E7,2.92689984E8
453.0,7.0,1.07793368E8,-7.90326592E8,7.0352448E7,-5.20754432E8,3.5046136E7,-1.41759104E8,7.3561848E7,-5.37483712E8,4.4088008E7,2.92689984E8
454.0,7.0,1.07793368E8,-7.90326592E8,7.0352448E7,-5.20754432E8,3.5046136E7,-1.41759104E8,7.3561848E7,-5.37483712E8,4.2408808E7,3.21236416E8
455.0,7.0,1.07793368E8,-7.90326592E8,7.0352448E7,-5.20754432E8,3.5046136E7,-1.41759104E8,7.3561848E7,-5.37483712E8,4.2408808E7,3.21236416E8
456.0,7.0,1.07793368E8,-7.90326592E8,7.0352448E7,-5.20754432E8,3.5046136E7,-1.41759104E8,7.3561848E7,-5.37483712E8,4.0118424E7,3.6017296E8
457.0,7.0,1.25758936E8,-9.63517376E8,7.0352448E7,-5.20754432E8,3.5046136E7,-1.41759104E8,7.3561848E7,-5.37483712E8,4.0118424E7,3.6017296E8
458.0,7.0,1.25758936E8,-9.63517376E8,7.0352448E7,-5.20754432E8,3.5046136E7,-1.41759104E8,8.8274224E7,-6.89852736E8,4.0118424E7,3.6017296E8
459.0,7.0,1.25758936E8,-9.63517376E8,7.0352448E7,-5.20754432E8,3.5046136E7,-1.41759104E8,8.8274224E7,-6.89852736E8,4.0118424E7,3.6017296E8
460.0,7.0,1.25758936E8,-9.63517376E8,7.0352448E7,-5.20754432E8,3.5046136E7,-1.41759104E8,8.8274224E7,-6.89852736E8,4.0118424E7,3.6017296E8
461.0,7.0,1.25758936E8,-9.63517376E8,7.0352448E7,-5.20754432E8,3.5046136E7,-1.41759104E8,8.8274224E7,-6.89852736E8,4.0118424E7,3.6017296E8
462.0,7.0,1.25758936E8,-9.63517376E8,7.0352448E7,-5.20754432E8,3.5046136E7,-1.41759104E8,8.8274224E7,-6.89852736E8,5.9100516E7,1.53198928E8
463.0,7.0,1.25758936E8,-9.63517376E8,7.0352448E7,-5.20754432E8,3.5046136E7,-1.41759104E8,8.8274224E7,-6.89852736E8,5.9100516E7,1.53198928E8
464.0,7.0,1.25758936E8,-9.63517376E8,7.0352448E7,-5.20754432E8,3.5046136E7,-1.41759104E8,8.8274224E7,-6.89852736E8,5.5772936E7,2.09767744E8
465.0,7.0,1.25758936E8,-9.63517376E8,7.0352448E7,-5.20754432E8,3.5046136E7,-1.41759104E8,8.8274224E7,-6.89852736E8,5.5772936E7,2.09767744E8
466.0,7.0,1.25758936E8,-9.63517376E8,7.0352448E7,-5.20754432E8,3.5046136E7,-1.41759104E8,8.8274224E7,-6.89852736E8,5.5772936E7,2.09767744E8
467.0,7.0,1.25758936E8,-9.63517376E8,7.0352448E7,-5.20754432E8,3.5046136E7,-1.41759104E8,8.8274224E7,-6.89852736E8,5.5772936E7,2.09767744E8
468.0,7.0,1.25758936E8,-9.63517376E8,7.0352448E7,-5.20754432E8,3.5046136E7,-1.41759104E8,8.8274224E7,-6.89852736E8,5.3898816E7,2.41627776E8
469.0,7.0,1.25758936E8,-9.63517376E8,7.0352448E7,-5.20754432E8,3.5046136E7,-1.41759104E8,8.8274224E7,-6.89852736E8,5.0913156E7,2.92384E8
470.0,7.0,1.25758936E8,-9.63517376E8,7.0352448E7,-5.20754432E8,3.5046136E7,-1.41759104E8,8.8274224E7,-6.89852736E8,5.0913156E7,2.92384E8
471.0,7.0,1.25758936E8,-9.63517376E8,7.0352448E7,-5.20754432E8,3.5046136E7,-1.41759104E8,8.8274224E7,-6.89852736E8,5.0913156E7,2.92384E8
472.0,7.0,1.25758936E8,-9.63517376E8,7.0352448E7,-5.20754432E8,3.5046136E7,-1.41759104E8,8.8274224E7,-6.89852736E8,5.0913156E7,2.92384E8
473.0,7.0,1.25758936E8,-9.63517376E8,7.0352448E7,-5.20754432E8,3.5046136E7,-1.41759104E8,8.8274224E7,-6.89852736E8,4.72983E7,3.53836576E8
474.0,7.0,1.25758936E8,-9.63517376E8,8.2077864E7,-6.45312896E8,3.696968E7,-1.64841664E8,8.8274224E7,-6.89852736E8,4.72983E7,3.53836576E8
475.0,7.0,1.25758936E8,-9.63517376E8,8.2077864E7,-6.45312896E8,3.9863096E7,-1.99562656E8,8.8274224E7,-6.89852736E8,4.72983E7,3.53836576E8
476.0,7.0,1.25758936E8,-9.63517376E8,8.2077864E7,-6.45312896E8,3.9863096E7,-1.99562656E8,8.8274224E7,-6.89852736E8,4.72983E7,3.53836576E8
477.0,7.0,1.25758936E8,-9.63517376E8,8.2077864E7,-6.45312896E8,4.4366856E7,-2.44735872E8,8.8274224E7,-6.89852736E8,4.4302908E7,4.0475824E8
478.0,7.0,1.25758936E8,-9.63517376E8,8.2077864E7,-6.45312896E8,4.4366856E7,-2.44735872E8,8.8274224E7,-6.89852736E8,4.4302908E7,4.0475824E8
479.0,7.0,1.25758936E8,-9.63517376E8,8.2077864E7,-6.45312896E8,4.4366856E7,-2.44735872E8,8.8274224E7,-6.89852736E8,4.4302908E7,4.0475824E8
480.0,7.0,1.25758936E8,-9.63517376E8,8.2077864E7,-6.45312896E8,4.4366856E7,-2.44735872E8,8.8274224E7,-6.89852736E8,4.4302908E7,4.0475824E8
481.0,7.0,1.25758936E8,-9.63517376E8,8.2077864E7,-6.45312896E8,4.4366856E7,-2.44735872E8,8.8274224E7,-6.89852736E8,4.9620504E7,3.4525888E8
482.0,7.0,1.25758936E8,-9.63517376E8,8.2077864E7,-6.45312896E8,4.4366856E7,-2.44735872E8,8.8274224E7,-6.89852736E8,4.9620504E7,3.4525888E8
483.0,7.0,1.25758936E8,-9.63517376E8,8.2077864E7,-6.45312896E8,4.4366856E7,-2.44735872E8,8.8274224E7,-6.89852736E8,4.7941304E7,3.73805312E8
484.0,7.0,1.25758936E8,-9.63517376E8,8.2077864E7,-6.45312896E8,4.4366856E7,-2.44735872E8,8.8274224E7,-6.89852736E8,4.7941304E7,3.73805312E8
485.0,7.0,1.25758936E8,-9.63517376E8,8.2077864E7,-6.45312896E8,4.4366856E7,-2.44735872E8,8.8274224E7,-6.89852736E8,4.7941304E7,3.73805312E8
486.0,7.0,1.25758936E8,-9.63517376E8,8.2077864E7,-6.45312896E8,4.4366856E7,-2.44735872E8,8.8274224E7,-6.89852736E8,4.565092E7,4.12741856E8
487.0,7.0,1.4372448E8,-1.136708096E9,8.2077864E7,-6.45312896E8,4.4366856E7,-2.44735872E8,8.8274224E7,-6.89852736E8,4.565092E7,4.12741856E8
488.0,7.0,1.4372448E8,-1.136708096E9,8.2077864E7,-6.45312896E8,4.4366856E7,-2.44735872E8,8.8274224E7,-6.89852736E8,4.565092E7,4.12741856E8
489.0,7.0,1.4372448E8,-1.136708096E9,8.2077864E7,-6.45312896E8,4.4366856E7,-2.44735872E8,1.029866E8,-8.4222176E8,4.565092E7,4.12741856E8
490.0,7.0,1.4372448E8,-1.136708096E9,8.2077864E7,-6.45312896E8,4.4366856E7,-2.44735872E8,1.029866E8,-8.4222176E8,4.565092E7,4.12741856E8
491.0,8.0,1.4372448E8,-1.136708096E9,8.2077864E7,-6.45312896E8,4.4366856E7,-2.44735872E8,1.029866E8,-8.4222176E8,4.3031524E7,4.520328E8
492.0,8.0,1.4372448E8,-1.136708096E9,8.2077864E7,-6.45312896E8,4.4366856E7,-2.44735872E8,1.029866E8,-8.4222176E8,4.3031524E7,4.520328E8
493.0,8.0,1.4372448E8,-1.136708096E9,8.2077864E7,-6.45312896E8,4.4366856E7,-2.44735872E8,1.029866E8,-8.4222176E8,6.201362E7,2.45058752E8
494.0,8.0,1.4372448E8,-1.136708096E9,8.2077864E7,-6.45312896E8,4.4366856E7,-2.44735872E8,1.029866E8,-8.4222176E8,5.868604E7,3.01627584E8
495.0,8.0,1.4372448E8,-1.136708096E9,8.2077864E7,-6.45312896E8,4.4366856E7,-2.44735872E8,1.029866E8,-8.4222176E8,5.868604E7,3.01627584E8
496.0,8.0,1.4372448E8,-1.136708096E9,8.2077864E7,-6.45312896E8,4.4366856E7,-2.44735872E8,1.029866E8,-8.4222176E8,5.868604E7,3.01627584E8
497.0,8.0,1.4372448E8,-1.136708096E9,8.2077864E7,-6.45312896E8,4.4366856E7,-2.44735872E8,1.029866E8,-8.4222176E8,5.681192E7,3.33487616E8
498.0,8.0,1.4372448E8,-1.136708096E9,8.2077864E7,-6.45312896E8,4.4366856E7,-2.44735872E8,1.029866E8,-8.4222176E8,5.382626E7,3.8424384E8
499.0,8.0,1.4372448E8,-1.136708096E9,8.2077864E7,-6.45312896E8,4.4366856E7,-2.44735872E8,1.029866E8,-8.4222176E8,5.382626E7,3.8424384E8
500.0,8.0,1.4372448E8,-1.136708096E9,8.2077864E7,-6.45312896E8,4.4366856E7,-2.44735872E8,1.029866E8,-8.4222176E8,5.382626E7,3.8424384E8
501.0,8.0,1.4372448E8,-1.136708096E9,8.2077864E7,-6.45312896E8,4.4366856E7,-2.44735872E8,1.029866E8,-8.4222176E8,5.382626E7,3.8424384E8
502.0,8.0,1.4372448E8,-1.136708096E9,8.2077864E7,-6.45312896E8,4.4366856E7,-2.44735872E8,1.029866E8,-8.4222176E8,5.0211404E7,4.45696416E8
503.0,8.0,1.4372448E8,-1.136708096E9,8.2077864E7,-6.45312896E8,4.4366856E7,-2.44735872E8,1.029866E8,-8.4222176E8,5.0211404E7,4.45696416E8
504.0,8.0,1.4372448E8,-1.136708096E9,8.2077864E7,-6.45312896E8,4.4366856E7,-2.44735872E8,1.029866E8,-8.4222176E8,5.0211404E7,4.45696416E8
505.0,8.0,1.4372448E8,-1.136708096E9,9.3803272E7,-7.6987136E8,4.9183816E7,-3.02539424E8,1.029866E8,-8.4222176E8,5.0211404E7,4.45696416E8
506.0,8.0,1.4372448E8,-1.136708096E9,9.3803272E7,-7.6987136E8,5.3687576E7,-3.4771264E8,1.029866E8,-8.4222176E8,4.7216012E7,4.9661808E8
507.0,8.0,1.4372448E8,-1.136708096E9,9.3803272E7,-7.6987136E8,5.3687576E7,-3.4771264E8,1.029866E8,-8.4222176E8,4.7216012E7,4.9661808E8
508.0,8.0,1.4372448E8,-1.136708096E9,9.3803272E7,-7.6987136E8,5.3687576E7,-3.4771264E8,1.029866E8,-8.4222176E8,4.7216012E7,4.9661808E8
509.0,8.0,1.4372448E8,-1.136708096E9,9.3803272E7,-7.6987136E8,5.3687576E7,-3.4771264E8,1.029866E8,-8.4222176E8,4.7216012E7,4.9661808E8
510.0,8.0,1.4372448E8,-1.136708096E9,9.3803272E7,-7.6987136E8,5.3687576E7,-3.4771264E8,1.029866E8,-8.4222176E8,5.2533608E7,4.3711872E8
511.0,8.0,1.4372448E8,-1.136708096E9,9.3803272E7,-7.6987136E8,5.3687576E7,-3.4771264E8,1.029866E8,-8.4222176E8,5.2533608E7,4.3711872E8
512.0,8.0,1.4372448E8,-1.136708096E9,9.3803272E7,-7.6987136E8,5.3687576E7,-3.4771264E8,1.029866E8,-8.4222176E8,5.2533608E7,4.3711872E8
513.0,8.0,1.4372448E8,-1.136708096E9,9.3803272E7,-7.6987136E8,5.3687576E7,-3.4771264E8,1.029866E8,-8.4222176E8,5.2533608E7,4.3711872E8
514.0,8.0,1.4372448E8,-1.136708096E9,9.3803272E7,-7.6987136E8,5.3687576E7,-3.4771264E8,1.029866E8,-8.4222176E8,5.0854408E7,4.65665152E8
515.0,8.0,1.4372448E8,-1.136708096E9,9.3803272E7,-7.6987136E8,5.3687576E7,-3.4771264E8,1.029866E8,-8.4222176E8,5.0854408E7,4.65665152E8
516.0,8.0,1.4372448E8,-1.136708096E9,9.3803272E7,-7.6987136E8,5.3687576E7,-3.4771264E8,1.029866E8,-8.4222176E8,4.8564024E7,5.04601696E8
517.0,8.0,1.4372448E8,-1.136708096E9,9.3803272E7,-7.6987136E8,5.3687576E7,-3.4771264E8,1.029866E8,-8.4222176E8,4.8564024E7,5.04601696E8
518.0,8.0,1.61690016E8,-1.309898624E9,9.3803272E7,-7.6987136E8,5.3687576E7,-3.4771264E8,1.029866E8,-8.4222176E8,4.8564024E7,5.04601696E8
519.0,8.0,1.61690016E8,-1.309898624E9,9.3803272E7,-7.6987136E8,5.3687576E7,-3.4771264E8,1.17698976E8,-9.94590784E8,4.8564024E7,5.04601696E8
520.0,9.0,1.61690016E8,-1.309898624E9,9.3803272E7,-7.6987136E8,5.3687576E7,-3.4771264E8,1.17698976E8,-9.94590784E8,4.3729672E7,5.77116992E8
521.0,9.0,1.61690016E8,-1.309898624E9,9.3803272E7,-7.6987136E8,5.3687576E7,-3.4771264E8,1.17698976E8,-9.94590784E8,4.3729672E7,5.77116992E8
522.0,9.0,1.61690016E8,-1.309898624E9,9.3803272E7,-7.6987136E8,5.3687576E7,-3.4771264E8,1.17698976E8,-9.94590784E8,4.3729672E7,5.77116992E8
523.0,9.0,1.61690016E8,-1.309898624E9,9.3803272E7,-7.6987136E8,5.3687576E7,-3.4771264E8,1.17698976E8,-9.94590784E8,6.2711764E7,3.70142976E8
524.0,9.0,1.61690016E8,-1.309898624E9,9.3803272E7,-7.6987136E8,5.3687576E7,-3.4771264E8,1.17698976E8,-9.94590784E8,5.9384184E7,4.26711808E8
525.0,9.0,1.61690016E8,-1.309898624E9,9.3803272E7,-7.6987136E8,5.3687576E7,-3.4771264E8,1.17698976E8,-9.94590784E8,5.9384184E7,4.26711808E8
526.0,9.0,1.61690016E8,-1.309898624E9,9.3803272E7,-7.6987136E8,5.3687576E7,-3.4771264E8,1.17698976E8,-9.94590784E8,5.9384184E7,4.26711808E8
527.0,9.0,1.61690016E8,-1.309898624E9,9.3803272E7,-7.6987136E8,5.3687576E7,-3.4771264E8,1.17698976E8,-9.94590784E8,5.7510064E7,4.5857184E8
528.0,9.0,1.61690016E8,-1.309898624E9,9.3803272E7,-7.6987136E8,5.3687576E7,-3.4771264E8,1.17698976E8,-9.94590784E8,5.4524404E7,5.09328064E8
529.0,9.0,1.61690016E8,-1.309898624E9,9.3803272E7,-7.6987136E8,5.3687576E7,-3.4771264E8,1.17698976E8,-9.94590784E8,5.4524404E7,5.09328064E8
530.0,9.0,1.61690016E8,-1.309898624E9,9.3803272E7,-7.6987136E8,5.3687576E7,-3.4771264E8,1.17698976E8,-9.94590784E8,5.4524404E7,5.09328064E8
531.0,9.0,1.61690016E8,-1.309898624E9,9.3803272E7,-7.6987136E8,5.3687576E7,-3.4771264E8,1.17698976E8,-9.94590784E8,5.4524404E7,5.09328064E8
532.0,9.0,1.61690016E8,-1.309898624E9,9.3803272E7,-7.6987136E8,5.3687576E7,-3.4771264E8,1.17698976E8,-9.94590784E8,5.0909548E7,5.70780608E8
533.0,9.0,1.61690016E8,-1.309898624E9,9.3803272E7,-7.6987136E8,5.3687576E7,-3.4771264E8,1.17698976E8,-9.94590784E8,5.0909548E7,5.70780608E8
534.0,9.0,1.61690016E8,-1.309898624E9,9.3803272E7,-7.6987136E8,5.3687576E7,-3.4771264E8,1.17698976E8,-9.94590784E8,5.0909548E7,5.70780608E8
535.0,9.0,1.61690016E8,-1.309898624E9,1.0552868E8,-8.94429824E8,5.561112E7,-3.707952E8,1.17698976E8,-9.94590784E8,5.0909548E7,5.70780608E8
536.0,9.0,1.61690016E8,-1.309898624E9,1.0552868E8,-8.94429824E8,6.3008296E7,-4.50689408E8,1.17698976E8,-9.94590784E8,4.7914156E7,6.21702272E8
537.0,9.0,1.61690016E8,-1.309898624E9,1.0552868E8,-8.94429824E8,6.3008296E7,-4.50689408E8,1.17698976E8,-9.94590784E8,4.7914156E7,6.21702272E8
538.0,9.0,1.61690016E8,-1.309898624E9,1.0552868E8,-8.94429824E8,6.3008296E7,-4.50689408E8,1.17698976E8,-9.94590784E8,4.7914156E7,6.21702272E8
539.0,9.0,1.61690016E8,-1.309898624E9,1.0552868E8,-8.94429824E8,6.3008296E7,-4.50689408E8,1.17698976E8,-9.94590784E8,4.7914156E7,6.21702272E8
540.0,9.0,1.61690016E8,-1.309898624E9,1.0552868E8,-8.94429824E8,6.3008296E7,-4.50689408E8,1.17698976E8,-9.94590784E8,4.7914156E7,6.21702272E8
541.0,9.0,1.61690016E8,-1.309898624E9,1.0552868E8,-8.94429824E8,6.3008296E7,-4.50689408E8,1.17698976E8,-9.94590784E8,5.3231752E7,5.6220288E8
542.0,9.0,1.61690016E8,-1.309898624E9,1.0552868E8,-8.94429824E8,6.3008296E7,-4.50689408E8,1.17698976E8,-9.94590784E8,5.3231752E7,5.6220288E8
543.0,9.0,1.61690016E8,-1.309898624E9,1.0552868E8,-8.94429824E8,6.3008296E7,-4.50689408E8,1.17698976E8,-9.94590784E8,5.1552552E7,5.90749312E8
544.0,9.0,1.61690016E8,-1.309898624E9,1.0552868E8,-8.94429824E8,6.3008296E7,-4.50689408E8,1.17698976E8,-9.94590784E8,5.1552552E7,5.90749312E8
545.0,9.0,1.61690016E8,-1.309898624E9,1.0552868E8,-8.94429824E8,6.3008296E7,-4.50689408E8,1.17698976E8,-9.94590784E8,4.9262168E7,6.29685888E8
546.0,9.0,1.61690016E8,-1.309898624E9,1.0552868E8,-8.94429824E8,6.3008296E7,-4.50689408E8,1.17698976E8,-9.94590784E8,4.9262168E7,6.29685888E8
547.0,9.0,1.61690016E8,-1.309898624E9,1.0552868E8,-8.94429824E8,6.3008296E7,-4.50689408E8,1.17698976E8,-9.94590784E8,4.9262168E7,6.29685888E8
548.0,9.0,1.79655552E8,-1.483089152E9,1.0552868E8,-8.94429824E8,6.3008296E7,-4.50689408E8,1.17698976E8,-9.94590784E8,4.9262168E7,6.29685888E8
549.0,9.0,1.79655552E8,-1.483089152E9,1.0552868E8,-8.94429824E8,6.3008296E7,-4.50689408E8,1.32411352E8,-1.146959872E9,4.7047212E7,6.62910208E8
550.0,9.0,1.79655552E8,-1.483089152E9,1.0552868E8,-8.94429824E8,6.3008296E7,-4.50689408E8,1.32411352E8,-1.146959872E9,4.4427816E7,7.02201152E8
551.0,9.0,1.79655552E8,-1.483089152E9,1.0552868E8,-8.94429824E8,6.3008296E7,-4.50689408E8,1.32411352E8,-1.146959872E9,4.4427816E7,7.02201152E8
552.0,9.0,1.79655552E8,-1.483089152E9,1.0552868E8,-8.94429824E8,6.3008296E7,-4.50689408E8,1.32411352E8,-1.146959872E9,4.4427816E7,7.02201152E8
553.0,9.0,1.79655552E8,-1.483089152E9,1.0552868E8,-8.94429824E8,6.3008296E7,-4.50689408E8,1.32411352E8,-1.146959872E9,6.3409908E7,4.95227136E8
554.0,9.0,1.79655552E8,-1.483089152E9,1.0552868E8,-8.94429824E8,6.3008296E7,-4.50689408E8,1.32411352E8,-1.146959872E9,6.0082328E7,5.51795968E8
555.0,9.0,1.79655552E8,-1.483089152E9,1.0552868E8,-8.94429824E8,6.3008296E7,-4.50689408E8,1.32411352E8,-1.146959872E9,6.0082328E7,5.51795968E8
556.0,9.0,1.79655552E8,-1.483089152E9,1.0552868E8,-8.94429824E8,6.3008296E7,-4.50689408E8,1.32411352E8,-1.146959872E9,6.0082328E7,5.51795968E8
557.0,9.0,1.79655552E8,-1.483089152E9,1.0552868E8,-8.94429824E8,6.3008296E7,-4.50689408E8,1.32411352E8,-1.146959872E9,6.0082328E7,5.51795968E8
558.0,9.0,1.79655552E8,-1.483089152E9,1.0552868E8,-8.94429824E8,6.3008296E7,-4.50689408E8,1.32411352E8,-1.146959872E9,5.5222548E7,6.34412224E8
559.0,9.0,1.79655552E8,-1.483089152E9,1.0552868E8,-8.94429824E8,6.3008296E7,-4.50689408E8,1.32411352E8,-1.146959872E9,5.5222548E7,6.34412224E8
560.0,9.0,1.79655552E8,-1.483089152E9,1.0552868E8,-8.94429824E8,6.3008296E7,-4.50689408E8,1.32411352E8,-1.146959872E9,5.5222548E7,6.34412224E8
561.0,9.0,1.79655552E8,-1.483089152E9,1.0552868E8,-8.94429824E8,6.3008296E7,-4.50689408E8,1.32411352E8,-1.146959872E9,5.5222548E7,6.34412224E8
562.0,9.0,1.79655552E8,-1.483089152E9,1.0552868E8,-8.94429824E8,6.3008296E7,-4.50689408E8,1.32411352E8,-1.146959872E9,5.5222548E7,6.34412224E8
563.0,9.0,1.79655552E8,-1.483089152E9,1.0552868E8,-8.94429824E8,6.3008296E7,-4.50689408E8,1.32411352E8,-1.146959872E9,5.1607692E7,6.95864768E8
564.0,9.0,1.79655552E8,-1.483089152E9,1.17254088E8,-1.018988288E9,6.493184E7,-4.73771968E8,1.32411352E8,-1.146959872E9,5.1607692E7,6.95864768E8
565.0,9.0,1.79655552E8,-1.483089152E9,1.17254088E8,-1.018988288E9,6.7825256E7,-5.0849296E8,1.32411352E8,-1.146959872E9,5.1607692E7,6.95864768E8
566.0,9.0,1.79655552E8,-1.483089152E9,1.17254088E8,-1.018988288E9,7.2329008E7,-5.53666176E8,1.32411352E8,-1.146959872E9,4.86123E7,7.46786432E8
567.0,9.0,1.79655552E8,-1.483089152E9,1.17254088E8,-1.018988288E9,7.2329008E7,-5.53666176E8,1.32411352E8,-1.146959872E9,4.86123E7,7.46786432E8
568.0,9.0,1.79655552E8,-1.483089152E9,1.17254088E8,-1.018988288E9,7.2329008E7,-5.53666176E8,1.32411352E8,-1.146959872E9,4.86123E7,7.46786432E8
569.0,9.0,1.79655552E8,-1.483089152E9,1.17254088E8,-1.018988288E9,7.2329008E7,-5.53666176E8,1.32411352E8,-1.146959872E9,4.86123E7,7.46786432E8
570.0,9.0,1.79655552E8,-1.483089152E9,1.17254088E8,-1.018988288E9,7.2329008E7,-5.53666176E8,1.32411352E8,-1.146959872E9,4.86123E7,7.46786432E8
571.0,9.0,1.79655552E8,-1.483089152E9,1.17254088E8,-1.018988288E9,7.2329008E7,-5.53666176E8,1.32411352E8,-1.146959872E9,5.3929896E7,6.8728704E8
572.0,9.0,1.79655552E8,-1.483089152E9,1.17254088E8,-1.018988288E9,7.2329008E7,-5.53666176E8,1.32411352E8,-1.146959872E9,5.3929896E7,6.8728704E8
573.0,9.0,1.79655552E8,-1.483089152E9,1.17254088E8,-1.018988288E9,7.2329008E7,-5.53666176E8,1.32411352E8,-1.146959872E9,5.2250696E7,7.15833472E8
574.0,9.0,1.79655552E8,-1.483089152E9,1.17254088E8,-1.018988288E9,7.2329008E7,-5.53666176E8,1.32411352E8,-1.146959872E9,5.2250696E7,7.15833472E8
575.0,9.0,1.79655552E8,-1.483089152E9,1.17254088E8,-1.018988288E9,7.2329008E7,-5.53666176E8,1.32411352E8,-1.146959872E9,4.9960312E7,7.54770048E8
576.0,9.0,1.79655552E8,-1.483089152E9,1.17254088E8,-1.018988288E9,7.2329008E7,-5.53666176E8,1.32411352E8,-1.146959872E9,4.9960312E7,7.54770048E8
577.0,9.0,1.97621088E8,-1.65627968E9,1.17254088E8,-1.018988288E9,7.2329008E7,-5.53666176E8,1.32411352E8,-1.146959872E9,4.9960312E7,7.54770048E8
578.0,9.0,1.97621088E8,-1.65627968E9,1.17254088E8,-1.018988288E9,7.2329008E7,-5.53666176E8,1.47123712E8,-1.299329024E9,4.9960312E7,7.54770048E8
579.0,9.0,1.97621088E8,-1.65627968E9,1.17254088E8,-1.018988288E9,7.2329008E7,-5.53666176E8,1.47123712E8,-1.299329024E9,4.7745356E7,7.87994368E8
580.0,9.0,1.97621088E8,-1.65627968E9,1.17254088E8,-1.018988288E9,7.2329008E7,-5.53666176E8,1.47123712E8,-1.299329024E9,4.512596E7,8.27285312E8
581.0,9.0,1.97621088E8,-1.65627968E9,1.17254088E8,-1.018988288E9,7.2329008E7,-5.53666176E8,1.47123712E8,-1.299329024E9,4.512596E7,8.27285312E8
582.0,9.0,1.97621088E8,-1.65627968E9,1.17254088E8,-1.018988288E9,7.2329008E7,-5.53666176E8,1.47123712E8,-1.299329024E9,6.4108052E7,6.20311296E8
583.0,9.0,1.97621088E8,-1.65627968E9,1.17254088E8,-1.018988288E9,7.2329008E7,-5.53666176E8,1.47123712E8,-1.299329024E9,6.4108052E7,6.20311296E8
584.0,9.0,1.97621088E8,-1.65627968E9,1.17254088E8,-1.018988288E9,7.2329008E7,-5.53666176E8,1.47123712E8,-1.299329024E9,6.0780472E7,6.76880128E8
585.0,9.0,1.97621088E8,-1.65627968E9,1.17254088E8,-1.018988288E9,7.2329008E7,-5.53666176E8,1.47123712E8,-1.299329024E9,6.0780472E7,6.76880128E8
586.0,9.0,1.97621088E8,-1.65627968E9,1.17254088E8,-1.018988288E9,7.2329008E7,-5.53666176E8,1.47123712E8,-1.299329024E9,6.0780472E7,6.76880128E8
587.0,9.0,1.97621088E8,-1.65627968E9,1.17254088E8,-1.018988288E9,7.2329008E7,-5.53666176E8,1.47123712E8,-1.299329024E9,6.0780472E7,6.76880128E8
588.0,9.0,1.97621088E8,-1.65627968E9,1.17254088E8,-1.018988288E9,7.2329008E7,-5.53666176E8,1.47123712E8,-1.299329024E9,5.8906352E7,7.0874016E8
589.0,9.0,1.97621088E8,-1.65627968E9,1.17254088E8,-1.018988288E9,7.2329008E7,-5.53666176E8,1.47123712E8,-1.299329024E9,5.5920692E7,7.59496384E8
590.0,9.0,1.97621088E8,-1.65627968E9,1.17254088E8,-1.018988288E9,7.2329008E7,-5.53666176E8,1.47123712E8,-1.299329024E9,5.5920692E7,7.59496384E8
591.0,9.0,1.97621088E8,-1.65627968E9,1.17254088E8,-1.018988288E9,7.2329008E7,-5.53666176E8,1.47123712E8,-1.299329024E9,5.5920692E7,7.59496384E8
592.0,9.0,1.97621088E8,-1.65627968E9,1.17254088E8,-1.018988288E9,7.2329008E7,-5.53666176E8,1.47123712E8,-1.299329024E9,5.2305836E7,8.20948928E8
593.0,9.0,1.97621088E8,-1.65627968E9,1.17254088E8,-1.018988288E9,7.2329008E7,-5.53666176E8,1.47123712E8,-1.299329024E9,5.2305836E7,8.20948928E8
594.0,9.0,1.97621088E8,-1.65627968E9,1.17254088E8,-1.018988288E9,7.2329008E7,-5.53666176E8,1.47123712E8,-1.299329024E9,5.2305836E7,8.20948928E8
595.0,9.0,1.97621088E8,-1.65627968E9,1.28979496E8,-1.143546752E9,7.4252552E7,-5.76748736E8,1.47123712E8,-1.299329024E9,5.2305836E7,8.20948928E8
596.0,9.0,1.97621088E8,-1.65627968E9,1.28979496E8,-1.143546752E9,7.7145968E7,-6.11469696E8,1.47123712E8,-1.299329024E9,5.2305836E7,8.20948928E8
597.0,9.0,1.97621088E8,-1.65627968E9,1.28979496E8,-1.143546752E9,8.1649728E7,-6.56642944E8,1.47123712E8,-1.299329024E9,4.9310444E7,8.71870592E8
598.0,9.0,1.97621088E8,-1.65627968E9,1.28979496E8,-1.143546752E9,8.1649728E7,-6.56642944E8,1.47123712E8,-1.299329024E9,4.9310444E7,8.71870592E8
599.0,9.0,1.97621088E8,-1.65627968E9,1.28979496E8,-1.143546752E9,8.1649728E7,-6.56642944E8,1.47123712E8,-1.299329024E9,4.9310444E7,8.71870592E8
600.0,9.0,1.97621088E8,-1.65627968E9,1.28979496E8,-1.143546752E9,8.1649728E7,-6.56642944E8,1.47123712E8,-1.299329024E9,5.462804E7,8.123712E8
601.0,9.0,1.97621088E8,-1.65627968E9,1.28979496E8,-1.143546752E9,8.1649728E7,-6.56642944E8,1.47123712E8,-1.299329024E9,5.462804E7,8.123712E8
602.0,9.0,1.97621088E8,-1.65627968E9,1.28979496E8,-1.143546752E9,8.1649728E7,-6.56642944E8,1.47123712E8,-1.299329024E9,5.462804E7,8.123712E8
603.0,9.0,1.97621088E8,-1.65627968E9,1.28979496E8,-1.143546752E9,8.1649728E7,-6.56642944E8,1.47123712E8,-1.299329024E9,5.294884E7,8.40917632E8
604.0,9.0,1.97621088E8,-1.65627968E9,1.28979496E8,-1.143546752E9,8.1649728E7,-6.56642944E8,1.47123712E8,-1.299329024E9,5.294884E7,8.40917632E8
605.0,9.0,1.97621088E8,-1.65627968E9,1.28979496E8,-1.143546752E9,8.1649728E7,-6.56642944E8,1.47123712E8,-1.299329024E9,5.0658456E7,8.79854208E8
