,0,1,2,3,4,5,6,7,8,9,10,11,12,13,14
EcologicalConsumer,14.0,0.0,294.24478,15.0,0.0,102.70345,14.0,0.0,130.80138,14.0,0.0,102.70345,14.0,0.0,130.80138
LazyConsumer,14.0,0.0,115.52056,14.0,0.0,193.2149,14.0,0.0,115.52056,16.0,0.0,147.61098,14.0,0.0,193.2149
LazyConsumer,14.0,0.0,243.30434,14.0,0.0,104.13933,15.0,0.0,136.35982,15.0,0.0,136.35982,14.0,0.527249,243.30434
LazyConsumer,11.0,1.0,193.34166,15.0,0.0,146.34889,14.0,0.17226036,120.48651,9.0,1.0,193.34166,13.0,1.0,152.06906
Consumer,14.0,0.60349345,157.89236,15.0,0.30163038,127.41271,15.0,0.0,116.846054,14.0,0.527249,127.41271,14.0,0.527249,116.846054
Consumer,14.0,0.527249,208.39626,14.0,0.0,115.918076,14.0,0.0,208.39626,14.0,0.0,158.39824,16.0,0.0,125.35549
EcologicalConsumer,14.0,0.0,161.96605,14.0,0.0,125.80143,14.0,0.0,141.48145,14.0,0.527249,125.80143,14.0,0.0,184.8053
Consumer,14.0,0.0,118.6086,13.0,0.47335082,163.46559,12.0,0.0,126.14278,9.0,1.0,163.46559,13.0,1.0,181.81584
LazyConsumer,14.0,0.0,153.91231,14.0,0.0,131.03435,16.0,0.0,108.04629,14.0,0.0,177.7892,14.0,0.0,115.83177
EcologicalConsumer,13.0,0.0,229.61272,14.0,0.527249,177.34148,14.0,0.527249,114.03947,14.0,0.527249,229.61272,14.0,0.0,114.03947
EcologicalConsumer,14.0,0.527249,189.85521,14.0,0.0,104.40307,14.0,0.0,189.85521,14.0,0.0,104.40307,15.0,0.0,247.38634
EcologicalConsumer,14.0,0.0,108.16654,14.0,0.0,166.60432,14.0,0.0,108.16654,14.0,0.527249,166.60432,14.0,0.0,108.16654
Consumer,15.0,0.0,107.70794,14.0,0.0,261.96375,14.0,0.0,115.87925,14.0,0.527249,261.96375,14.0,0.0,205.3217
Consumer,15.0,0.0,152.06906,13.0,0.0,141.76741,13.0,0.0,141.76741,14.0,0.527249,152.06906,13.0,0.0,141.76741
EcologicalConsumer,14.0,0.527249,102.528046,14.0,0.0,251.8035,16.0,0.0,97.71899,14.0,0.0,251.8035,14.0,0.0,193.99226
LazyConsumer,14.0,0.0,229.43626,14.0,0.527249,175.85506,14.0,0.0,108.16654,14.0,0.0,229.43626,14.0,0.527249,108.16654
LazyConsumer,14.0,0.527249,254.46611,14.0,0.0,313.55542,14.0,0.0,147.51271,15.0,0.0,254.46611,16.0,0.0,199.24858
Consumer,14.0,0.0,125.670204,15.0,0.0,160.24045,14.0,0.0,169.83817,15.0,0.0,160.24045,14.0,0.0,118.3385
EcologicalConsumer,14.0,0.70581925,247.38634,13.0,1.0,102.528046,15.0,0.30163038,104.40307,13.0,0.0,102.528046,14.0,0.527249,104.40307
Consumer,14.0,0.0,103.57606,14.0,0.0,237.19191,14.0,0.0,103.57606,14.0,0.0,109.12378,14.0,0.527249,180.83418
Consumer,14.0,0.0,172.28465,14.0,0.527249,116.846054,15.0,0.0,127.41271,14.0,0.0,116.846054,15.0,0.0,127.41271
EcologicalConsumer,14.0,0.0,224.94888,14.0,0.527249,284.07394,14.0,0.0,121.49486,14.0,0.0,284.07394,14.0,0.0,121.49486
Consumer,14.0,0.0,127.41271,14.0,0.527249,172.28465,14.0,0.0,116.846054,14.0,0.527249,127.41271,14.0,0.0,172.28465
LazyConsumer,14.0,0.527249,186.93582,14.0,0.0,139.05394,14.0,0.527249,114.947815,14.0,0.0,149.24141,14.0,0.527249,139.05394
Consumer,16.0,0.0,102.176315,14.0,0.0,288.62433,14.0,0.0,229.89563,14.0,0.0,288.62433,14.0,0.527249,127.31457
LazyConsumer,14.0,0.0,107.07941,15.0,0.0,111.48543,14.0,0.527249,107.07941,14.0,0.527249,241.58849,14.0,0.0,186.13167
LazyConsumer,14.0,0.0,124.47088,14.0,0.0,156.20499,15.0,0.0,209.77368,14.0,0.0,101.71037,14.0,0.527249,124.47088
Consumer,14.0,0.0,216.94469,14.0,0.0,275.632,14.0,0.0,216.94469,14.0,0.0,275.632,14.0,0.0,116.61904
EcologicalConsumer,15.0,0.0,192.93782,15.0,0.527249,106.25441,14.0,0.527249,192.93782,13.0,0.0,102.45975,14.0,0.0,106.25441
Consumer,14.0,0.0,138.70833,14.0,0.0,136.47343,15.0,0.0,104.40307,16.0,0.0,187.29655,16.0,0.0,187.29655
Consumer,15.0,0.0,128.31601,13.0,0.0,147.75656,14.0,0.527249,128.31601,14.0,0.0,109.12378,14.0,0.0,128.31601
EcologicalConsumer,14.0,0.527249,136.82104,14.0,0.0,182.5267,15.0,0.0,154.31137,14.0,0.0,136.82104,15.0,0.0,154.31137
LazyConsumer,14.0,0.0,110.16351,14.0,0.0,121.80312,14.0,0.0,175.85506,15.0,0.0,110.16351,16.0,0.0,133.9888
EcologicalConsumer,15.0,0.0,148.55302,13.0,0.0,317.8443,14.0,0.527249,148.55302,13.0,0.0,317.8443,14.0,0.0,258.14145
Consumer,14.0,0.527249,107.205414,14.0,0.0,254.1594,14.0,0.0,107.205414,14.0,0.0,144.31216,16.0,0.0,197.75237
EcologicalConsumer,16.0,0.0,161.96605,14.0,0.0,184.8053,14.0,0.0,125.80143,14.0,0.0,184.8053,14.0,0.527249,125.80143
Consumer,12.0,0.9439209,102.044106,14.0,0.17226036,117.34564,13.0,0.47335082,165.07574,14.0,0.17226036,117.34564,14.0,0.47335082,160.20612
EcologicalConsumer,14.0,0.0,136.0294,15.0,0.0,145.83553,14.0,0.0,109.38464,14.0,0.0,184.22812,14.0,0.0,109.38464
EcologicalConsumer,14.0,0.527249,189.85521,14.0,0.0,104.40307,16.0,0.0,140.80128,14.0,0.0,104.40307,14.0,0.0,102.528046
LazyConsumer,14.0,0.0,135.5913,14.0,0.527249,114.236595,14.0,0.0,150.07332,14.0,0.0,135.5913,15.0,0.0,114.236595
EcologicalConsumer,14.0,0.0,232.1659,14.0,0.527249,102.70345,15.0,0.527249,177.0452,14.0,0.0,102.70345,15.0,0.0,177.0452
Consumer,12.0,0.9439209,129.03488,11.0,1.0,113.37107,14.0,0.0,174.02586,13.0,0.47335082,113.37107,14.0,0.0,174.02586
EcologicalConsumer,15.0,0.0,239.52036,14.0,0.527249,182.7813,14.0,0.527249,106.929886,14.0,0.527249,239.52036,14.0,0.0,182.7813
EcologicalConsumer,12.0,0.9439209,127.059044,13.0,0.47335082,127.31457,12.0,0.0,108.16654,13.0,0.0,108.16654,14.0,0.69363374,127.31457
Consumer,11.0,1.0,125.032,15.0,0.0,344.37335,9.0,1.0,125.032,15.0,0.0,170.18225,15.0,0.0,284.01584
EcologicalConsumer,13.0,0.0,291.08417,14.0,0.0,232.10773,14.0,0.0,128.22246,14.0,0.0,232.10773,15.0,0.0,101.4002
Consumer,15.0,0.0,186.93582,13.0,0.0,108.461975,14.0,0.527249,186.93582,14.0,0.527249,108.461975,14.0,0.0,186.93582
EcologicalConsumer,12.0,0.9439209,143.75327,14.0,0.17226036,192.50974,13.0,0.47335082,106.28264,14.0,0.47335082,248.96587,9.0,1.0,106.28264
Consumer,14.0,0.70581925,106.48004,13.0,1.0,308.6908,15.0,0.0,141.01419,13.0,0.0,308.6908,14.0,0.527249,141.01419
LazyConsumer,11.0,1.0,109.12378,15.0,0.0,327.02905,13.0,0.0,109.12378,15.0,0.30163038,266.3081,13.0,0.0,327.02905
Consumer,16.0,0.0,218.69156,14.0,0.0,120.67311,14.0,0.0,164.45364,14.0,0.0,120.67311,14.0,0.0,103.04368
EcologicalConsumer,12.0,0.9439209,112.40107,11.0,1.0,129.55693,15.0,0.0,101.20277,13.0,0.47335082,129.55693,13.0,0.47335082,129.55693
Consumer,14.0,0.0,109.12378,15.0,0.0,177.01978,14.0,0.527249,109.12378,14.0,0.0,147.75656,14.0,0.0,128.31601
Consumer,14.0,0.0,217.18655,16.0,0.0,127.45587,14.0,0.0,110.36757,14.0,0.0,217.18655,14.0,0.0,165.68042
EcologicalConsumer,14.0,0.0,161.72198,14.0,0.0,131.48764,15.0,0.0,175.80103,14.0,0.0,123.00407,15.0,0.0,175.80103
LazyConsumer,14.0,0.527249,125.71794,14.0,0.527249,225.06221,14.0,0.527249,125.71794,14.0,0.0,225.06221,14.0,0.527249,111.0
LazyConsumer,12.0,0.9439209,219.20766,14.0,0.0,276.17566,15.0,0.0,164.14627,14.0,0.17226036,276.17566,14.0,0.60349345,121.64292
LazyConsumer,14.0,0.527249,114.947815,14.0,0.0,139.05394,15.0,0.0,186.93582,14.0,0.527249,139.05394,14.0,0.527249,149.24141
Consumer,12.0,0.9439209,175.85506,11.0,1.0,102.176315,15.0,0.0,127.31457,14.0,0.17226036,229.89563,14.0,0.30163038,229.89563
Consumer,14.0,0.0,114.03947,16.0,0.0,133.76472,14.0,0.0,172.81783,14.0,0.0,224.37915,16.0,0.0,130.69812
EcologicalConsumer,12.0,0.9439209,107.70794,14.0,0.0,136.0294,13.0,0.47335082,145.83553,14.0,0.0,136.0294,10.0,1.0,184.22812
Consumer,14.0,0.0,114.236595,13.0,0.0,152.06906,14.0,0.0,114.236595,13.0,0.70581925,141.76741,15.0,0.30163038,114.236595
Consumer,14.0,0.0,115.97414,14.0,0.0,214.76732,14.0,0.0,115.97414,14.0,0.0,214.76732,14.0,0.527249,115.97414
LazyConsumer,14.0,0.527249,171.8255,14.0,0.0,111.0,16.0,0.0,131.72699,14.0,0.0,111.0,14.0,0.0,171.8255
EcologicalConsumer,12.0,0.61463624,145.7738,14.0,0.0,195.04102,13.0,0.47335082,105.30432,14.0,0.47335082,251.71611,9.0,1.0,105.30432
Consumer,9.0,1.0,165.07574,15.0,0.0,119.85408,13.0,0.0,160.20612,14.0,0.527249,119.85408,13.0,0.0,160.20612
EcologicalConsumer,14.0,0.0,108.68302,14.0,0.527249,150.62868,14.0,0.0,108.68302,15.0,0.0,201.69284,14.0,0.0,150.62868
EcologicalConsumer,15.0,0.0,211.4734,14.0,0.0,116.40017,14.0,0.527249,139.2013,14.0,0.0,116.40017,14.0,0.527249,139.2013
LazyConsumer,14.0,0.527249,131.03435,14.0,0.0,115.83177,14.0,0.0,131.03435,14.0,0.0,115.83177,15.0,0.0,177.7892
Consumer,14.0,0.527249,136.47343,14.0,0.0,104.40307,14.0,0.527249,138.70833,14.0,0.0,136.47343,14.0,0.527249,104.40307
Consumer,16.0,0.0,141.44963,14.0,0.0,115.62439,14.0,0.0,123.43824,14.0,0.527249,183.66273,14.0,0.0,123.43824
EcologicalConsumer,14.0,0.0,241.94421,14.0,0.0,113.43721,15.0,0.0,119.1008,14.0,0.0,241.94421,15.0,0.0,119.1008
Consumer,12.0,0.9439209,118.03813,13.0,0.0,170.18225,13.0,1.0,174.77414,15.0,0.0,130.24976,14.0,0.0,134.1119
EcologicalConsumer,13.0,0.0,248.96587,14.0,0.527249,107.28001,14.0,0.0,192.50974,14.0,0.0,107.28001,14.0,0.0,192.50974
LazyConsumer,14.0,0.527249,313.55542,14.0,0.0,254.46611,14.0,0.0,147.51271,14.0,0.527249,254.46611,14.0,0.0,147.51271
Consumer,11.0,1.0,174.1838,15.0,0.0,154.93224,12.0,0.0,127.61269,14.0,0.70581925,174.1838,15.0,0.0,127.61269
Consumer,14.0,0.0,273.18307,14.0,0.0,334.4802,14.0,0.0,156.6461,14.0,0.0,334.4802,16.0,0.0,214.29419
EcologicalConsumer,14.0,0.0,128.22246,14.0,0.0,101.4002,13.0,0.47335082,228.60008,12.0,0.0,172.86122,14.0,0.0,112.507774
LazyConsumer,14.0,0.527249,139.05394,15.0,0.527249,114.947815,14.0,0.527249,149.24141,16.0,0.0,112.587746,16.0,0.0,112.587746
EcologicalConsumer,14.0,0.0,193.99226,13.0,0.0,251.8035,14.0,0.527249,193.99226,14.0,0.527249,102.528046,14.0,0.0,193.99226
Consumer,14.0,0.0,229.0262,14.0,0.0,229.0262,15.0,0.0,113.37107,14.0,0.0,101.4002,14.0,0.0,113.37107
Consumer,12.0,0.9439209,133.76472,13.0,0.47335082,130.69812,12.0,0.0,114.03947,13.0,0.0,114.03947,14.0,0.0,172.81783
Consumer,14.0,0.527249,120.67311,14.0,0.527249,218.69156,14.0,0.527249,120.67311,14.0,0.527249,103.04368,14.0,0.0,164.45364
LazyConsumer,14.0,0.0,143.58621,14.0,0.0,112.929184,14.0,0.0,143.58621,14.0,0.527249,145.7738,15.0,0.527249,112.929184
EcologicalConsumer,13.0,0.70581925,241.94421,15.0,0.0,113.43721,13.0,0.0,241.94421,14.0,0.527249,113.43721,13.0,0.0,241.94421
Consumer,14.0,0.0,102.176315,15.0,0.30163038,229.89563,13.0,0.0,288.62433,14.0,0.527249,229.89563,14.0,0.527249,127.31457
Consumer,14.0,0.527249,100.68764,14.0,0.0,243.84627,16.0,0.0,101.76935,14.0,0.0,243.84627,14.0,0.0,100.68764
Consumer,14.0,0.47335082,169.83817,13.0,0.60349345,118.3385,14.0,0.0,169.83817,10.0,1.0,169.83817,15.0,0.6236682,160.24045
LazyConsumer,13.0,0.0,247.75795,14.0,0.527249,115.52056,14.0,0.0,193.2149,14.0,0.0,115.52056,14.0,0.0,193.2149
EcologicalConsumer,14.0,0.527249,141.48145,14.0,0.527249,125.80143,13.0,0.0,184.8053,15.0,0.0,161.96605,14.0,0.0,125.80143
Consumer,14.0,0.0,229.0262,14.0,0.0,174.02586,14.0,0.0,101.4002,14.0,0.0,229.0262,14.0,0.527249,101.4002
EcologicalConsumer,14.0,0.0,166.60432,14.0,0.0,218.83556,14.0,0.0,108.16654,15.0,0.0,166.60432,16.0,0.0,127.31457
Consumer,14.0,0.527249,197.58542,15.0,0.527249,111.0,14.0,0.0,197.58542,14.0,0.0,105.36128,16.0,0.0,148.55302
Consumer,12.0,0.9439209,141.44963,14.0,0.17226036,115.62439,13.0,0.0,237.53105,10.0,1.0,123.43824,15.0,0.6236682,237.53105
LazyConsumer,14.0,0.527249,118.84864,14.0,0.0,154.46683,14.0,0.0,118.84864,14.0,0.0,154.46683,15.0,0.0,147.51271
EcologicalConsumer,15.0,0.0,149.2012,14.0,0.527249,260.0346,13.0,0.0,320.02814,14.0,0.0,260.0346,14.0,0.527249,320.02814
Consumer,14.0,0.527249,104.0,14.0,0.0,168.66832,16.0,0.0,120.65239,14.0,0.0,222.27235,14.0,0.0,104.0
LazyConsumer,14.0,0.0,131.03435,14.0,0.0,115.83177,14.0,0.527249,131.03435,14.0,0.0,153.91231,16.0,0.0,108.04629
LazyConsumer,14.0,0.0,152.30562,14.0,0.0,266.3081,14.0,0.0,327.02905,14.0,0.0,152.30562,15.0,0.0,266.3081
EcologicalConsumer,14.0,0.0,201.18896,14.0,0.0,112.29426,15.0,0.0,141.01419,14.0,0.0,201.18896,14.0,0.0,152.06906
LazyConsumer,14.0,0.527249,169.29265,14.0,0.0,127.424484,14.0,0.0,169.29265,14.0,0.0,169.29265,14.0,0.527249,127.424484
LazyConsumer,14.0,0.0,209.31316,14.0,0.527249,156.20499,14.0,0.0,209.31316,15.0,0.0,123.69317,14.0,0.527249,99.724625
Consumer,14.0,0.0,172.28465,14.0,0.0,172.28465,14.0,0.0,116.846054,15.0,0.0,157.89236,14.0,0.527249,116.846054
LazyConsumer,14.0,0.527249,256.46246,14.0,0.0,108.26819,14.0,0.527249,199.11052,14.0,0.0,256.46246,14.0,0.0,108.26819
LazyConsumer,14.0,0.527249,209.31316,14.0,0.0,99.724625,14.0,0.0,156.20499,14.0,0.0,99.724625,16.0,0.0,123.69317
EcologicalConsumer,14.0,0.0,102.528046,14.0,0.0,193.99226,14.0,0.0,251.8035,14.0,0.0,102.528046,14.0,0.0,251.8035
EcologicalConsumer,14.0,0.527249,294.24478,14.0,0.0,130.80138,14.0,0.527249,235.23605,14.0,0.0,294.24478,15.0,0.0,102.70345
EcologicalConsumer,12.0,0.9439209,152.97058,11.0,1.0,96.69022,14.0,0.0,205.42882,13.0,0.47335082,96.69022,13.0,0.0,96.69022
Consumer,12.0,0.9439209,127.45587,12.0,0.9439209,110.36757,13.0,0.60349345,110.36757,14.0,0.0,217.18655,14.0,0.60349345,130.66751
EcologicalConsumer,14.0,0.0,102.45975,14.0,0.527249,192.93782,14.0,0.0,102.45975,14.0,0.0,192.93782,15.0,0.0,106.25441
Consumer,12.0,0.9439209,193.34166,11.0,1.0,106.48004,15.0,0.0,141.01419,14.0,0.17226036,249.14655,13.0,0.0,106.48004
EcologicalConsumer,14.0,0.0,131.48764,14.0,0.0,123.00407,14.0,0.0,161.72198,14.0,0.0,131.48764,15.0,0.0,123.00407
LazyConsumer,14.0,0.0,195.81624,14.0,0.527249,118.595955,15.0,0.527249,149.03691,14.0,0.527249,195.81624,15.0,0.0,149.03691
Consumer,14.0,0.0,254.1594,14.0,0.0,144.31216,14.0,0.0,254.1594,14.0,0.0,314.02707,14.0,0.527249,254.1594
LazyConsumer,14.0,0.0,120.48651,14.0,0.0,146.34889,14.0,0.0,120.48651,15.0,0.0,193.34166,14.0,0.0,152.06906
EcologicalConsumer,14.0,0.0,125.23977,14.0,0.0,125.23977,14.0,0.527249,218.15591,14.0,0.0,274.96182,14.0,0.0,125.23977
Consumer,14.0,0.527249,186.93582,14.0,0.0,108.461975,16.0,0.0,139.81773,14.0,0.0,106.733315,14.0,0.0,186.93582
EcologicalConsumer,14.0,0.0,161.22035,14.0,0.527249,116.40017,14.0,0.0,139.2013,14.0,0.0,161.22035,14.0,0.0,161.22035
EcologicalConsumer,14.0,0.0,184.8053,14.0,0.0,125.80143,15.0,0.0,141.48145,16.0,0.0,161.96605,16.0,0.0,119.94165
Consumer,14.0,0.0,114.236595,14.0,0.0,141.76741,14.0,0.0,152.06906,14.0,0.0,141.76741,16.0,0.0,201.71762
EcologicalConsumer,14.0,0.0,101.4002,13.0,0.0,112.507774,14.0,0.527249,101.4002,14.0,0.527249,172.86122,14.0,0.527249,172.86122
LazyConsumer,16.0,0.0,111.0045,14.0,0.0,266.32687,14.0,0.0,209.99524,14.0,0.0,120.70211,14.0,0.527249,209.99524
LazyConsumer,14.0,0.0,107.05606,14.0,0.527249,181.81859,14.0,0.0,236.59671,15.0,0.0,114.93476,14.0,0.527249,107.05606
EcologicalConsumer,16.0,0.0,143.58621,14.0,0.527249,102.45975,14.0,0.527249,250.53941,14.0,0.0,192.93782,14.0,0.0,250.53941
EcologicalConsumer,10.0,1.0,294.24478,15.0,0.0,130.80138,13.0,0.0,294.24478,14.0,0.527249,130.80138,14.0,0.0,235.23605
Consumer,11.0,1.0,107.70794,14.0,0.0,205.3217,15.0,0.0,115.87925,13.0,0.47335082,107.70794,12.0,0.0,115.87925
Consumer,12.0,0.9439209,120.48651,11.0,1.0,201.71762,14.0,0.0,114.236595,13.0,0.47335082,201.71762,13.0,0.0,201.71762
Consumer,14.0,0.0,261.96375,14.0,0.0,205.3217,14.0,0.0,261.96375,14.0,0.0,115.87925,15.0,0.0,205.3217
Consumer,11.0,1.0,187.29655,14.0,0.0,104.40307,15.0,0.0,136.47343,13.0,0.47335082,187.29655,14.0,0.47335082,138.70833
EcologicalConsumer,11.0,1.0,247.38634,14.0,0.0,104.40307,15.0,0.0,102.528046,13.0,0.0,247.38634,13.0,0.0,189.85521
EcologicalConsumer,14.0,0.0,113.43721,14.0,0.0,241.94421,14.0,0.0,187.80043,14.0,0.0,241.94421,14.0,0.0,113.43721
LazyConsumer,14.0,0.0,175.85506,14.0,0.0,110.16351,15.0,0.0,229.89563,14.0,0.527249,175.85506,14.0,0.527249,121.80312
LazyConsumer,14.0,0.527249,136.35982,14.0,0.0,243.30434,14.0,0.0,136.35982,14.0,0.0,243.30434,15.0,0.0,104.13933
EcologicalConsumer,14.0,0.0,201.3579,14.0,0.0,101.20277,15.0,0.0,149.40215,16.0,0.0,112.40107,16.0,0.0,112.40107
Consumer,14.0,0.0,254.1594,14.0,0.527249,314.02707,14.0,0.527249,144.31216,15.0,0.527249,254.1594,14.0,0.0,144.31216
Consumer,14.0,0.0,111.0,14.0,0.60349345,254.86664,15.0,0.0,197.58542,13.0,0.0,105.36128,14.0,0.527249,197.58542
Consumer,15.0,0.0,201.71762,14.0,0.0,152.06906,14.0,0.527249,114.236595,14.0,0.0,152.06906,14.0,0.0,141.76741
EcologicalConsumer,14.0,0.0,112.29426,14.0,0.0,201.18896,14.0,0.527249,112.29426,15.0,0.527249,152.06906,14.0,0.0,112.29426
EcologicalConsumer,14.0,0.527249,106.25441,14.0,0.527249,192.93782,14.0,0.0,106.25441,16.0,0.0,143.58621,14.0,0.0,106.25441
EcologicalConsumer,14.0,0.0,101.20277,14.0,0.0,149.40215,15.0,0.0,129.55693,15.0,0.0,129.55693,14.0,0.0,201.3579
Consumer,14.0,0.527249,141.01419,14.0,0.527249,308.6908,14.0,0.0,249.14655,14.0,0.0,106.48004,14.0,0.0,141.01419
Consumer,12.0,0.9439209,164.45364,11.0,1.0,95.047356,15.0,0.0,277.75168,9.0,1.0,95.047356,14.0,0.0,95.047356
LazyConsumer,14.0,0.0,154.15576,14.0,0.0,203.74493,16.0,0.0,120.552895,14.0,0.527249,203.74493,14.0,0.0,154.15576
EcologicalConsumer,14.0,0.0,284.07394,14.0,0.0,121.49486,14.0,0.0,284.07394,14.0,0.0,224.94888,14.0,0.0,284.07394
LazyConsumer,14.0,0.0,147.51271,14.0,0.527249,254.46611,14.0,0.0,313.55542,15.0,0.0,113.053085,14.0,0.527249,147.51271
EcologicalConsumer,14.0,0.0,127.632286,14.0,0.0,114.03947,16.0,0.0,127.632286,14.0,0.527249,114.03947,14.0,0.0,177.34148
Consumer,14.0,0.0,115.97414,14.0,0.0,273.18307,14.0,0.0,214.76732,14.0,0.0,115.97414,14.0,0.0,273.18307
LazyConsumer,14.0,0.0,128.28094,16.0,0.0,169.29265,14.0,0.0,169.29265,14.0,0.0,127.424484,14.0,0.0,169.29265
LazyConsumer,15.0,0.0,156.20499,14.0,0.527249,101.71037,13.0,0.0,124.47088,15.0,0.0,209.77368,14.0,0.0,156.20499
Consumer,13.0,0.0,224.37915,14.0,0.527249,114.03947,14.0,0.527249,224.37915,14.0,0.0,172.81783,15.0,0.0,130.69812
LazyConsumer,14.0,0.527249,199.11052,14.0,0.0,256.46246,14.0,0.527249,108.26819,14.0,0.0,199.11052,16.0,0.0,101.65137
EcologicalConsumer,15.0,0.0,129.55693,14.0,0.0,101.20277,14.0,0.0,149.40215,14.0,0.0,201.3579,14.0,0.0,101.20277
Consumer,14.0,0.0,130.59862,14.0,0.0,135.67976,14.0,0.0,130.59862,15.0,0.0,177.73013,14.0,0.0,168.58232
LazyConsumer,15.0,0.0,117.74549,15.0,0.0,117.74549,14.0,0.527249,115.52056,14.0,0.527249,247.75795,14.0,0.0,193.2149
EcologicalConsumer,11.0,1.0,175.80103,15.0,0.0,131.48764,13.0,0.47335082,175.80103,14.0,0.0,123.00407,14.0,0.0,175.80103
Consumer,12.0,0.9439209,148.55302,11.0,1.0,254.86664,14.0,0.0,111.0,13.0,0.47335082,254.86664,12.0,0.0,197.58542
Consumer,12.0,0.9439209,119.15116,15.0,0.0,135.67976,14.0,0.17226036,130.59862,12.0,0.9439209,135.67976,14.0,0.69363374,177.73013
EcologicalConsumer,13.0,0.0,182.5267,14.0,0.0,136.82104,14.0,0.527249,182.5267,14.0,0.0,136.82104,14.0,0.0,182.5267
EcologicalConsumer,14.0,0.0,112.507774,14.0,0.0,172.86122,15.0,0.0,228.60008,14.0,0.527249,172.86122,14.0,0.527249,112.507774
Consumer,14.0,0.527249,156.6461,14.0,0.0,273.18307,14.0,0.0,156.6461,14.0,0.0,273.18307,15.0,0.0,109.9318
LazyConsumer,14.0,0.0,210.48753,14.0,0.0,268.33002,14.0,0.527249,210.48753,14.0,0.0,268.33002,14.0,0.527249,114.93476
EcologicalConsumer,14.0,0.527249,205.42882,13.0,0.0,263.70627,14.0,0.527249,109.12378,14.0,0.0,205.42882,14.0,0.0,109.12378
EcologicalConsumer,14.0,0.527249,159.22626,14.0,0.527249,132.61221,14.0,0.527249,210.98341,14.0,0.0,159.22626,14.0,0.527249,110.02727
Consumer,14.0,0.0,222.27235,15.0,0.0,120.65239,14.0,0.527249,222.27235,14.0,0.0,120.65239,14.0,0.527249,168.66832
EcologicalConsumer,14.0,0.0,228.60008,14.0,0.527249,112.507774,14.0,0.527249,101.4002,14.0,0.0,112.507774,14.0,0.527249,172.86122
EcologicalConsumer,16.0,0.0,209.99524,14.0,0.0,155.56992,14.0,0.0,326.6757,14.0,0.0,266.7377,14.0,0.0,326.6757
EcologicalConsumer,14.0,0.0,149.40215,13.0,0.60349345,101.20277,14.0,0.0,201.3579,14.0,0.0,149.40215,14.0,0.0,129.55693
LazyConsumer,14.0,0.0,254.46611,14.0,0.527249,147.51271,14.0,0.0,254.46611,14.0,0.0,313.55542,16.0,0.0,199.24858
LazyConsumer,14.0,0.0,152.62044,14.0,0.0,205.73041,16.0,0.0,124.08465,14.0,0.0,205.73041,14.0,0.0,205.73041
LazyConsumer,14.0,0.69363374,147.51271,13.0,1.0,201.91087,15.0,0.6236682,147.51271,13.0,0.0,201.91087,14.0,0.527249,154.46683
LazyConsumer,14.0,0.0,203.74493,14.0,0.0,111.61093,14.0,0.0,203.74493,16.0,0.0,120.552895,16.0,0.0,139.05394
Consumer,14.0,0.0,172.81783,14.0,0.527249,224.37915,14.0,0.527249,130.69812,14.0,0.0,172.81783,14.0,0.0,130.69812
EcologicalConsumer,14.0,0.0,320.02814,16.0,0.0,110.13628,14.0,0.0,320.02814,14.0,0.0,149.2012,14.0,0.527249,320.02814
Consumer,14.0,0.0,128.31601,14.0,0.0,147.75656,14.0,0.527249,128.31601,14.0,0.0,109.12378,16.0,0.0,177.01978
LazyConsumer,14.0,0.0,114.236595,13.0,0.0,150.07332,14.0,0.527249,114.236595,13.0,0.0,150.07332,14.0,0.527249,135.5913
Consumer,14.0,0.527249,308.6908,14.0,0.0,249.14655,14.0,0.0,308.6908,14.0,0.0,141.01419,14.0,0.0,308.6908
Consumer,14.0,0.0,119.85408,14.0,0.0,165.07574,14.0,0.0,160.20612,14.0,0.527249,119.85408,14.0,0.0,117.34564
EcologicalConsumer,14.0,0.0,177.34148,14.0,0.0,229.61272,14.0,0.0,114.03947,15.0,0.0,177.34148,16.0,0.0,127.632286
Consumer,14.0,0.0,229.89563,14.0,0.0,102.176315,14.0,0.0,127.31457,16.0,0.0,102.176315,14.0,0.0,288.62433
LazyConsumer,14.0,0.0,98.15294,14.0,0.0,205.73041,14.0,0.527249,98.15294,14.0,0.0,205.73041,14.0,0.0,98.15294
EcologicalConsumer,14.0,0.527249,109.12378,14.0,0.527249,263.70627,14.0,0.0,109.12378,14.0,0.0,96.69022,14.0,0.0,109.12378
EcologicalConsumer,15.0,0.0,127.31457,14.0,0.0,218.83556,15.0,0.0,127.31457,14.0,0.527249,218.83556,14.0,0.527249,127.31457
LazyConsumer,14.0,0.527249,176.11928,14.0,0.0,99.14131,16.0,0.0,232.81967,14.0,0.0,106.94391,14.0,0.0,176.11928
LazyConsumer,14.0,0.527249,152.30562,14.0,0.527249,327.02905,14.0,0.527249,327.02905,14.0,0.0,266.3081,14.0,0.0,109.12378
EcologicalConsumer,14.0,0.0,224.58852,15.0,0.0,102.0,14.0,0.0,283.01944,14.0,0.0,124.02016,15.0,0.0,102.0
EcologicalConsumer,14.0,0.0,173.5108,15.0,0.0,227.23776,14.0,0.0,110.0409,14.0,0.527249,173.5108,14.0,0.527249,123.308556
EcologicalConsumer,15.0,0.0,97.04638,14.0,0.0,224.94888,15.0,0.0,97.04638,14.0,0.527249,284.07394,14.0,0.0,97.04638
LazyConsumer,13.0,0.0,236.59671,14.0,0.527249,181.81859,13.0,0.0,236.59671,14.0,0.0,181.81859,14.0,0.527249,236.59671
LazyConsumer,15.0,0.0,124.08465,14.0,0.0,152.62044,14.0,0.0,98.15294,14.0,0.527249,205.73041,14.0,0.527249,124.08465
EcologicalConsumer,14.0,0.0,132.61221,14.0,0.0,110.02727,14.0,0.0,159.22626,14.0,0.0,132.61221,14.0,0.0,110.02727
LazyConsumer,14.0,0.0,186.77527,15.0,0.0,143.62799,14.0,0.527249,108.26819,14.0,0.527249,186.77527,14.0,0.0,108.26819
Consumer,12.0,0.9439209,106.16968,14.0,0.17226036,125.670204,11.0,1.0,160.24045,14.0,0.0,125.670204,13.0,0.47335082,160.24045
LazyConsumer,14.0,0.0,121.80312,16.0,0.0,229.89563,14.0,0.0,121.80312,14.0,0.0,175.85506,14.0,0.0,175.85506
LazyConsumer,14.0,0.0,111.0,14.0,0.0,171.8255,14.0,0.0,111.0,15.0,0.0,225.06221,14.0,0.527249,171.8255
LazyConsumer,14.0,0.527249,134.4656,14.0,0.0,299.87997,16.0,0.0,103.57606,14.0,0.0,299.87997,14.0,0.0,134.4656
EcologicalConsumer,15.0,0.0,125.23977,14.0,0.527249,218.15591,13.0,0.0,274.96182,14.0,0.0,218.15591,14.0,0.527249,274.96182
Consumer,14.0,0.527249,152.06906,14.0,0.0,141.76741,16.0,0.0,120.48651,14.0,0.0,152.06906,14.0,0.0,141.76741
LazyConsumer,14.0,0.527249,236.59671,14.0,0.0,181.81859,14.0,0.0,114.93476,14.0,0.0,181.81859,14.0,0.0,181.81859
EcologicalConsumer,11.0,1.0,115.15642,15.0,0.0,155.56992,13.0,0.47335082,115.15642,14.0,0.47335082,326.6757,9.0,1.0,115.15642
EcologicalConsumer,12.0,0.9439209,136.69308,14.0,0.17226036,177.34148,15.0,0.0,229.61272,9.0,1.0,127.632286,15.0,0.30163038,177.34148
EcologicalConsumer,15.0,0.0,145.83553,14.0,0.0,184.22812,14.0,0.0,109.38464,14.0,0.527249,184.22812,14.0,0.0,136.0294
Consumer,14.0,0.527249,127.61269,14.0,0.0,154.93224,16.0,0.0,105.68349,14.0,0.0,154.93224,14.0,0.0,115.41231
LazyConsumer,14.0,0.0,338.78754,15.0,0.0,115.76269,14.0,0.0,115.76269,14.0,0.0,277.8003,14.0,0.0,115.76269
Consumer,14.0,0.0,140.24622,14.0,0.0,158.39824,14.0,0.0,158.39824,14.0,0.0,115.918076,14.0,0.0,140.24622
Consumer,12.0,0.9439209,161.72198,14.0,0.17226036,214.76732,13.0,0.47335082,98.4124,14.0,0.47335082,273.18307,13.0,0.60349345,115.97414
EcologicalConsumer,16.0,0.0,180.60178,14.0,0.0,294.24478,14.0,0.0,235.23605,14.0,0.0,294.24478,14.0,0.0,235.23605
LazyConsumer,13.0,0.0,313.55542,14.0,0.527249,147.51271,13.0,0.0,313.55542,14.0,0.0,254.46611,14.0,0.527249,313.55542
EcologicalConsumer,16.0,0.0,146.50938,14.0,0.0,197.20294,14.0,0.0,149.48244,14.0,0.0,115.80155,14.0,0.0,197.20294
LazyConsumer,14.0,0.0,146.34889,14.0,0.0,146.34889,14.0,0.527249,120.48651,14.0,0.0,152.06906,14.0,0.0,146.34889
LazyConsumer,15.0,0.0,277.8003,15.0,0.0,162.11107,14.0,0.0,277.8003,14.0,0.527249,162.11107,14.0,0.0,277.8003
LazyConsumer,12.0,0.9439209,131.72699,14.0,0.61463624,131.72699,14.0,0.0,111.0,13.0,0.47335082,225.06221,12.0,0.0,171.8255
LazyConsumer,16.0,0.0,111.48543,14.0,0.0,241.58849,14.0,0.0,186.13167,14.0,0.0,107.07941,14.0,0.0,186.13167
Consumer,10.0,1.0,261.96375,15.0,0.30163038,205.3217,13.0,0.0,261.96375,14.0,0.527249,205.3217,14.0,0.527249,115.87925
LazyConsumer,14.0,0.70581925,103.57606,14.0,0.60349345,103.57606,15.0,0.30163038,240.60756,15.0,0.0,134.4656,13.0,0.0,299.87997
EcologicalConsumer,14.0,0.0,274.96182,14.0,0.0,218.15591,14.0,0.0,125.23977,14.0,0.0,218.15591,14.0,0.0,274.96182
LazyConsumer,14.0,0.0,243.30434,14.0,0.0,302.70282,14.0,0.0,136.35982,15.0,0.0,243.30434,16.0,0.0,187.85632
Consumer,14.0,0.0,249.14655,14.0,0.0,141.01419,14.0,0.0,249.14655,15.0,0.0,106.48004,15.0,0.0,106.48004
LazyConsumer,13.0,0.60349345,115.52056,10.0,1.0,247.75795,15.0,0.0,115.52056,14.0,0.527249,193.2149,14.0,0.0,193.2149
Consumer,14.0,0.0,100.68764,14.0,0.0,101.76935,14.0,0.0,186.77527,14.0,0.0,100.68764,14.0,0.0,243.84627
Consumer,14.0,0.0,138.70833,14.0,0.0,138.70833,14.0,0.0,104.40307,14.0,0.0,138.70833,14.0,0.527249,136.47343
Consumer,14.0,0.0,344.37335,14.0,0.0,170.18225,14.0,0.527249,284.01584,14.0,0.0,170.18225,15.0,0.0,125.032
Consumer,13.0,0.0,164.45364,14.0,0.0,103.04368,14.0,0.0,218.69156,15.0,0.0,164.45364,13.0,0.0,120.67311
LazyConsumer,13.0,1.0,336.16217,15.0,0.0,276.17566,15.0,0.0,164.14627,13.0,0.0,336.16217,14.0,0.527249,164.14627
EcologicalConsumer,11.0,1.0,102.0,15.0,0.0,283.01944,13.0,0.60349345,124.02016,14.0,0.0,283.01944,14.0,0.60349345,102.0
EcologicalConsumer,13.0,0.0,121.037186,14.0,0.527249,99.40825,14.0,0.527249,157.26729,13.0,0.0,121.037186,14.0,0.0,99.40825
Consumer,14.0,0.0,224.37915,14.0,0.0,172.81783,14.0,0.0,114.03947,14.0,0.0,172.81783,14.0,0.0,224.37915
Consumer,11.0,1.0,101.76935,14.0,0.0,186.77527,15.0,0.0,100.68764,12.0,0.9439209,100.68764,13.0,0.60349345,100.68764
LazyConsumer,14.0,0.0,195.81624,14.0,0.0,118.595955,14.0,0.0,195.81624,14.0,0.527249,118.595955,14.0,0.527249,118.595955
Consumer,14.0,0.0,222.27235,14.0,0.0,168.66832,14.0,0.0,222.27235,14.0,0.0,222.27235,14.0,0.0,104.0
LazyConsumer,14.0,0.0,145.0,14.0,0.0,123.49089,14.0,0.527249,145.0,14.0,0.0,189.61276,14.0,0.527249,123.49089
Consumer,15.0,0.0,109.9318,14.0,0.527249,334.4802,14.0,0.527249,273.18307,14.0,0.0,334.4802,14.0,0.527249,156.6461
Consumer,14.0,0.0,165.68042,14.0,0.0,110.36757,14.0,0.0,165.68042,14.0,0.0,217.18655,14.0,0.527249,165.68042
EcologicalConsumer,14.0,0.0,159.22626,14.0,0.0,132.61221,14.0,0.527249,110.02727,14.0,0.0,159.22626,15.0,0.0,210.98341
Consumer,15.0,0.6236682,213.77559,15.0,0.0,159.01257,13.0,0.0,118.40608,14.0,0.527249,159.01257,14.0,0.527249,118.40608
EcologicalConsumer,12.0,0.9439209,143.22011,13.0,0.47335082,119.1008,14.0,0.47335082,241.94421,13.0,0.60349345,113.43721,14.0,0.0,187.80043
Consumer,14.0,0.47335082,314.02707,13.0,0.60349345,144.31216,14.0,0.527249,254.1594,14.0,0.527249,144.31216,13.0,0.0,314.02707
EcologicalConsumer,14.0,0.0,139.05394,14.0,0.527249,246.44066,14.0,0.0,305.86435,14.0,0.0,305.86435,14.0,0.0,139.05394
Consumer,14.0,0.527249,180.83418,14.0,0.0,103.57606,14.0,0.527249,109.12378,14.0,0.0,180.83418,14.0,0.527249,103.57606
LazyConsumer,14.0,0.0,112.929184,14.0,0.0,145.7738,14.0,0.0,112.929184,15.0,0.0,195.04102,15.0,0.0,195.04102
LazyConsumer,14.0,0.0,109.03669,14.0,0.0,299.17386,14.0,0.527249,137.41179,14.0,0.0,240.6512,14.0,0.0,299.17386
Consumer,14.0,0.0,125.670204,14.0,0.0,169.83817,14.0,0.527249,125.670204,14.0,0.0,118.3385,16.0,0.0,106.16968
LazyConsumer,14.0,0.0,195.81624,15.0,0.0,150.01334,14.0,0.0,150.01334,14.0,0.0,149.03691,14.0,0.0,150.01334
EcologicalConsumer,11.0,1.0,102.70345,14.0,0.0,235.23605,13.0,0.47335082,102.70345,12.0,0.0,130.80138,14.0,0.0,235.23605
EcologicalConsumer,14.0,0.0,187.80043,14.0,0.0,119.1008,14.0,0.0,113.43721,14.0,0.527249,187.80043,14.0,0.527249,113.43721
EcologicalConsumer,14.0,0.0,101.4002,14.0,0.0,172.86122,14.0,0.0,101.4002,15.0,0.0,228.60008,14.0,0.527249,101.4002
EcologicalConsumer,14.0,0.0,283.01944,15.0,0.0,102.0,14.0,0.0,124.02016,14.0,0.0,124.02016,14.0,0.0,102.0
Consumer,14.0,0.0,136.47343,15.0,0.0,187.29655,14.0,0.0,138.70833,15.0,0.0,187.29655,14.0,0.0,136.47343
Consumer,14.0,0.0,109.9318,15.0,0.30163038,273.18307,13.0,0.0,334.4802,14.0,0.527249,273.18307,13.0,0.0,334.4802
Consumer,14.0,0.0,164.45364,14.0,0.527249,103.04368,14.0,0.0,164.45364,15.0,0.0,218.69156,14.0,0.0,103.04368
LazyConsumer,15.0,0.0,120.93387,14.0,0.527249,108.16654,14.0,0.527249,229.43626,14.0,0.527249,229.43626,14.0,0.0,175.85506
EcologicalConsumer,14.0,0.527249,189.85521,14.0,0.527249,102.528046,14.0,0.0,189.85521,14.0,0.0,247.38634,14.0,0.0,102.528046
LazyConsumer,15.0,0.0,101.65137,14.0,0.527249,108.26819,14.0,0.527249,256.46246,14.0,0.0,199.11052,14.0,0.0,256.46246
LazyConsumer,14.0,0.527249,336.16217,14.0,0.527249,164.14627,15.0,0.0,276.17566,14.0,0.527249,336.16217,16.0,0.0,121.64292
EcologicalConsumer,15.0,0.0,115.87925,14.0,0.0,264.84714,14.0,0.527249,324.4996,14.0,0.0,154.87091,14.0,0.0,154.87091
LazyConsumer,14.0,0.0,189.61276,16.0,0.0,120.83874,14.0,0.527249,189.61276,14.0,0.0,145.0,14.0,0.0,123.49089
EcologicalConsumer,14.0,0.0,102.528046,14.0,0.0,193.99226,15.0,0.0,97.71899,15.0,0.0,97.71899,14.0,0.527249,102.528046
LazyConsumer,14.0,0.0,240.6512,14.0,0.0,109.03669,13.0,0.0,299.17386,15.0,0.0,137.41179,13.0,0.0,299.17386
EcologicalConsumer,14.0,0.527249,128.22246,14.0,0.527249,291.08417,14.0,0.527249,101.4002,14.0,0.527249,291.08417,14.0,0.527249,232.10773
Consumer,16.0,0.0,102.044106,14.0,0.0,160.20612,14.0,0.0,117.34564,14.0,0.0,119.85408,14.0,0.0,160.20612
EcologicalConsumer,15.0,0.30163038,166.60432,15.0,0.0,108.16654,14.0,0.527249,166.60432,14.0,0.527249,108.16654,14.0,0.0,166.60432
Consumer,15.0,0.0,170.18225,14.0,0.527249,284.01584,14.0,0.527249,170.18225,14.0,0.0,284.01584,14.0,0.0,170.18225
Consumer,14.0,0.0,114.236595,14.0,0.0,152.06906,14.0,0.0,114.236595,14.0,0.0,141.76741,14.0,0.527249,114.236595
EcologicalConsumer,14.0,0.527249,106.28264,14.0,0.0,107.28001,14.0,0.0,192.50974,14.0,0.0,248.96587,14.0,0.527249,107.28001
EcologicalConsumer,14.0,0.0,124.02016,16.0,0.0,102.0,14.0,0.0,283.01944,14.0,0.0,124.02016,14.0,0.527249,224.58852
EcologicalConsumer,15.0,0.0,109.38464,13.0,0.0,184.22812,14.0,0.527249,109.38464,14.0,0.0,136.0294,14.0,0.527249,184.22812
Consumer,13.0,0.0,174.77414,14.0,0.0,134.1119,14.0,0.0,134.1119,15.0,0.0,170.18225,14.0,0.0,174.77414
EcologicalConsumer,15.0,0.0,211.5325,14.0,0.0,157.26729,14.0,0.0,211.5325,14.0,0.0,157.26729,14.0,0.0,121.037186
Consumer,14.0,0.0,154.93224,15.0,0.0,115.41231,14.0,0.0,127.61269,15.0,0.0,115.41231,16.0,0.0,174.1838
LazyConsumer,14.0,0.69363374,111.48543,15.0,0.0,107.07941,14.0,0.527249,186.13167,14.0,0.527249,107.07941,13.0,0.0,241.58849
EcologicalConsumer,14.0,0.0,103.16007,15.0,0.0,182.7813,13.0,0.0,106.929886,14.0,0.527249,182.7813,14.0,0.0,103.16007
EcologicalConsumer,12.0,0.9439209,135.5913,14.0,0.17226036,103.16007,15.0,0.0,106.929886,13.0,0.0,239.52036,14.0,0.17226036,103.16007
LazyConsumer,12.0,0.9439209,112.587746,14.0,0.17226036,114.947815,13.0,0.47335082,186.93582,12.0,0.0,139.05394,13.0,0.60349345,139.05394
EcologicalConsumer,11.0,1.0,112.76968,14.0,0.0,177.0452,13.0,0.47335082,112.76968,14.0,0.47335082,232.1659,9.0,1.0,112.76968
Consumer,15.0,0.30163038,165.68042,15.0,0.0,110.36757,14.0,0.527249,165.68042,13.0,0.0,217.18655,14.0,0.527249,110.36757
EcologicalConsumer,14.0,0.527249,154.87091,14.0,0.527249,324.4996,14.0,0.0,154.87091,14.0,0.0,324.4996,14.0,0.0,154.87091
Consumer,14.0,0.0,109.12378,14.0,0.0,180.83418,15.0,0.0,237.19191,14.0,0.527249,180.83418,14.0,0.527249,109.12378
Consumer,14.0,0.0,197.58542,14.0,0.0,111.0,14.0,0.0,197.58542,14.0,0.0,111.0,15.0,0.0,254.86664
EcologicalConsumer,15.0,0.0,105.75916,14.0,0.0,246.44066,14.0,0.0,305.86435,15.0,0.0,105.75916,14.0,0.0,139.05394
LazyConsumer,15.0,0.0,199.11052,15.0,0.0,108.26819,13.0,0.0,256.46246,14.0,0.527249,108.26819,14.0,0.0,199.11052
LazyConsumer,14.0,0.527249,338.78754,14.0,0.0,162.11107,14.0,0.527249,277.8003,14.0,0.0,162.11107,15.0,0.0,115.76269
LazyConsumer,14.0,0.0,114.01754,14.0,0.0,198.64542,13.0,0.0,143.01048,15.0,0.6236682,198.64542,13.0,0.0,143.01048
EcologicalConsumer,14.0,0.527249,102.70345,14.0,0.0,232.1659,16.0,0.0,131.60547,14.0,0.527249,232.1659,14.0,0.0,102.70345
EcologicalConsumer,14.0,0.0,152.06906,14.0,0.0,112.29426,14.0,0.0,152.06906,14.0,0.0,201.18896,14.0,0.527249,152.06906
LazyConsumer,15.0,0.0,175.85506,13.0,0.0,121.80312,14.0,0.527249,175.85506,14.0,0.0,110.16351,14.0,0.527249,121.80312
EcologicalConsumer,14.0,0.0,211.4734,15.0,0.30163038,116.40017,15.0,0.0,161.22035,13.0,0.0,139.2013,14.0,0.527249,161.22035
Consumer,14.0,0.527249,110.36757,15.0,0.527249,165.68042,14.0,0.0,110.36757,15.0,0.0,165.68042,16.0,0.0,127.45587
Consumer,11.0,1.0,157.89236,15.0,0.0,172.28465,12.0,0.9439209,116.846054,13.0,0.0,116.846054,14.0,0.0,172.28465
LazyConsumer,14.0,0.0,232.81967,14.0,0.0,99.14131,14.0,0.0,176.11928,14.0,0.0,99.14131,14.0,0.0,106.94391
LazyConsumer,14.0,0.0,150.07332,14.0,0.527249,135.5913,14.0,0.0,114.236595,16.0,0.0,110.02273,14.0,0.0,150.07332
LazyConsumer,14.0,0.0,99.14131,14.0,0.527249,106.94391,14.0,0.0,176.11928,14.0,0.527249,99.14131,14.0,0.0,106.94391
Consumer,12.0,0.9439209,134.4656,11.0,1.0,237.19191,14.0,0.0,103.57606,13.0,0.47335082,237.19191,14.0,0.47335082,109.12378
Consumer,13.0,0.70581925,224.37915,15.0,0.6236682,130.69812,15.0,0.0,114.03947,13.0,0.0,224.37915,14.0,0.0,172.81783
Consumer,12.0,0.9439209,125.35549,11.0,1.0,208.39626,15.0,0.0,140.24622,13.0,0.60349345,158.39824,14.0,0.0,115.918076
LazyConsumer,16.0,0.0,117.18362,14.0,0.0,101.71037,14.0,0.0,124.47088,14.0,0.0,101.71037,14.0,0.527249,156.20499
Consumer,14.0,0.527249,115.62439,14.0,0.0,183.66273,14.0,0.0,115.62439,14.0,0.527249,183.66273,14.0,0.0,123.43824
EcologicalConsumer,14.0,0.0,263.70627,14.0,0.527249,205.42882,14.0,0.0,263.70627,14.0,0.0,109.12378,15.0,0.0,96.69022
EcologicalConsumer,15.0,0.0,127.632286,14.0,0.0,177.34148,14.0,0.527249,229.61272,14.0,0.0,177.34148,14.0,0.0,114.03947
LazyConsumer,11.0,1.0,128.31601,15.0,0.0,204.47249,13.0,0.47335082,128.31601,13.0,0.60349345,101.607086,13.0,0.60349345,101.607086
LazyConsumer,14.0,0.0,154.46683,16.0,0.0,124.32619,14.0,0.527249,201.91087,14.0,0.0,201.91087,14.0,0.0,154.46683
LazyConsumer,14.0,0.0,111.0,14.0,0.0,125.71794,14.0,0.0,171.8255,15.0,0.0,111.0,16.0,0.0,131.72699
EcologicalConsumer,14.0,0.0,232.10773,14.0,0.0,128.22246,15.0,0.527249,232.10773,14.0,0.527249,291.08417,16.0,0.0,101.4002
Consumer,14.0,0.0,222.27235,14.0,0.0,104.0,14.0,0.527249,168.66832,14.0,0.0,222.27235,15.0,0.0,120.65239
LazyConsumer,13.0,0.0,186.77527,14.0,0.527249,108.26819,14.0,0.0,138.03261,14.0,0.527249,186.77527,14.0,0.0,108.26819
EcologicalConsumer,14.0,0.0,184.22812,14.0,0.527249,109.38464,15.0,0.527249,136.0294,14.0,0.527249,184.22812,16.0,0.0,145.83553
Consumer,14.0,0.0,127.61269,14.0,0.0,127.61269,14.0,0.0,174.1838,14.0,0.0,154.93224,14.0,0.0,154.93224
EcologicalConsumer,14.0,0.0,305.86435,14.0,0.0,246.44066,14.0,0.0,305.86435,14.0,0.0,139.05394,15.0,0.0,246.44066
EcologicalConsumer,14.0,0.0,132.61221,14.0,0.0,159.22626,15.0,0.0,110.02727,16.0,0.0,210.98341,16.0,0.0,210.98341
LazyConsumer,14.0,0.527249,137.41179,14.0,0.0,240.6512,14.0,0.0,240.6512,14.0,0.0,299.17386,14.0,0.527249,240.6512
LazyConsumer,14.0,0.527249,338.78754,14.0,0.0,277.8003,14.0,0.0,338.78754,14.0,0.0,162.11107,14.0,0.0,338.78754
LazyConsumer,14.0,0.0,128.31601,14.0,0.0,204.47249,14.0,0.527249,101.607086,14.0,0.0,152.30562,16.0,0.0,114.54257
LazyConsumer,15.0,0.6236682,195.04102,15.0,0.0,112.929184,15.0,0.0,145.7738,13.0,0.0,143.58621,14.0,0.527249,145.7738
Consumer,14.0,0.527249,98.1835,14.0,0.0,118.40608,14.0,0.0,159.01257,15.0,0.0,98.1835,16.0,0.0,117.47766
LazyConsumer,15.0,0.0,121.64292,14.0,0.527249,164.14627,14.0,0.527249,336.16217,14.0,0.0,121.64292,14.0,0.527249,336.16217
EcologicalConsumer,12.0,0.9439209,119.54079,11.0,1.0,141.01419,14.0,0.0,152.06906,15.0,0.0,112.29426,14.0,0.17226036,152.06906
LazyConsumer,14.0,0.527249,115.83177,14.0,0.0,153.91231,14.0,0.0,131.03435,15.0,0.0,115.83177,16.0,0.0,177.7892
EcologicalConsumer,14.0,0.0,232.10773,14.0,0.0,232.10773,15.0,1.0,101.4002,15.0,0.0,128.22246,14.0,0.527249,232.10773
EcologicalConsumer,12.0,0.9439209,177.60912,14.0,0.17226036,232.10773,13.0,0.47335082,101.4002,12.0,0.0,128.22246,13.0,0.60349345,128.22246
Consumer,14.0,0.0,174.02586,14.0,0.0,101.4002,14.0,0.0,174.02586,15.0,0.0,113.37107,15.0,0.0,113.37107
Consumer,15.0,0.0,177.01978,14.0,0.527249,128.31601,14.0,0.527249,147.75656,14.0,0.0,128.31601,14.0,0.527249,109.12378
LazyConsumer,14.0,0.0,111.48543,14.0,0.527249,186.13167,14.0,0.527249,107.07941,14.0,0.0,186.13167,14.0,0.0,241.58849
Consumer,15.0,0.0,115.41231,13.0,0.0,154.93224,14.0,0.527249,115.41231,14.0,0.527249,127.61269,14.0,0.527249,154.93224
EcologicalConsumer,14.0,0.0,108.68302,14.0,0.0,136.0294,14.0,0.527249,108.68302,14.0,0.0,150.62868,15.0,0.0,201.69284
Consumer,15.0,0.0,116.50322,13.0,0.0,277.75168,14.0,0.527249,116.50322,14.0,0.0,218.69156,14.0,0.527249,277.75168
EcologicalConsumer,14.0,0.0,136.0294,14.0,0.0,184.22812,16.0,0.0,107.70794,14.0,0.0,184.22812,14.0,0.0,109.38464
EcologicalConsumer,15.0,0.0,146.50938,14.0,0.527249,115.80155,14.0,0.0,197.20294,15.0,0.0,146.50938,14.0,0.0,115.80155
LazyConsumer,14.0,0.0,104.13933,14.0,0.0,136.35982,16.0,0.0,187.85632,14.0,0.0,302.70282,14.0,0.0,136.35982
EcologicalConsumer,14.0,0.0,177.0452,14.0,0.527249,232.1659,14.0,0.0,102.70345,14.0,0.0,177.0452,14.0,0.0,232.1659
EcologicalConsumer,14.0,0.527249,110.02727,13.0,0.0,132.61221,14.0,0.527249,159.22626,13.0,0.0,132.61221,14.0,0.0,110.02727
EcologicalConsumer,14.0,0.0,195.04102,14.0,0.0,251.71611,14.0,0.0,108.157295,15.0,0.0,195.04102,16.0,0.0,145.7738
Consumer,14.0,0.527249,181.81584,14.0,0.0,126.14278,14.0,0.527249,138.95683,14.0,0.0,126.14278,16.0,0.0,163.46559
LazyConsumer,11.0,1.0,157.6864,15.0,0.0,123.49089,14.0,0.17226036,145.0,13.0,0.0,157.6864,13.0,1.0,189.61276
LazyConsumer,14.0,0.0,236.59671,14.0,0.527249,107.05606,15.0,0.527249,181.81859,14.0,0.0,107.05606,15.0,0.0,181.81859
LazyConsumer,14.0,0.527249,204.47249,14.0,0.0,152.30562,14.0,0.0,101.607086,14.0,0.527249,152.30562,14.0,0.0,204.47249
Consumer,14.0,0.527249,159.01257,14.0,0.527249,118.40608,14.0,0.0,159.01257,14.0,0.527249,118.40608,14.0,0.527249,98.1835
LazyConsumer,14.0,0.0,114.947815,16.0,0.0,186.93582,14.0,0.0,149.24141,14.0,0.0,114.947815,14.0,0.527249,149.24141
Consumer,14.0,0.0,130.59862,14.0,0.0,168.58232,14.0,0.0,130.59862,14.0,0.0,168.58232,14.0,0.0,135.67976
LazyConsumer,14.0,0.60349345,101.118744,15.0,0.0,114.93476,14.0,0.527249,210.48753,14.0,0.527249,114.93476,14.0,0.0,210.48753
LazyConsumer,14.0,0.0,138.03261,14.0,0.0,186.77527,14.0,0.527249,108.26819,14.0,0.0,186.77527,16.0,0.0,143.62799
LazyConsumer,9.0,1.0,232.81967,15.0,0.30163038,99.14131,15.0,0.0,176.11928,13.0,0.0,106.94391,14.0,0.527249,176.11928
Consumer,14.0,0.0,127.61269,14.0,0.527249,115.41231,14.0,0.0,154.93224,14.0,0.0,127.61269,16.0,0.0,105.68349
Consumer,14.0,0.0,169.83817,16.0,0.0,106.16968,14.0,0.527249,169.83817,14.0,0.527249,118.3385,14.0,0.0,169.83817
Consumer,14.0,0.0,344.37335,15.0,0.0,125.032,14.0,0.527249,344.37335,14.0,0.527249,125.032,14.0,0.527249,344.37335
EcologicalConsumer,11.0,1.0,146.50938,14.0,0.0,149.48244,15.0,0.0,197.20294,13.0,0.60349345,115.80155,14.0,0.0,149.48244
EcologicalConsumer,11.0,1.0,110.13628,15.0,0.0,320.02814,13.0,0.60349345,149.2012,14.0,0.70581925,110.13628,13.0,0.70581925,320.02814
Consumer,12.0,0.9439209,102.59142,14.0,0.17226036,109.12378,13.0,0.47335082,177.01978,12.0,0.0,128.31601,14.0,0.0,109.12378
Consumer,14.0,0.0,159.01257,14.0,0.527249,98.1835,14.0,0.0,159.01257,14.0,0.0,159.01257,15.0,0.0,213.77559
EcologicalConsumer,14.0,0.0,273.0293,14.0,0.0,161.27615,14.0,0.0,333.0,14.0,0.0,161.27615,14.0,0.527249,273.0293
EcologicalConsumer,14.0,0.527249,320.02814,14.0,0.0,260.0346,14.0,0.0,110.13628,14.0,0.0,320.02814,14.0,0.527249,149.2012
LazyConsumer,11.0,1.0,117.74549,11.0,1.0,117.74549,15.0,0.0,115.52056,13.0,0.47335082,117.74549,14.0,0.47335082,247.75795
Consumer,14.0,0.0,243.84627,14.0,0.527249,100.68764,15.0,0.527249,186.77527,14.0,0.527249,243.84627,16.0,0.0,101.76935
LazyConsumer,12.0,0.9439209,199.24858,11.0,1.0,113.053085,15.0,0.0,313.55542,13.0,0.60349345,147.51271,14.0,0.527249,254.46611
EcologicalConsumer,15.0,0.30163038,149.40215,15.0,0.0,101.20277,13.0,0.0,201.3579,14.0,0.527249,101.20277,14.0,0.0,149.40215
EcologicalConsumer,14.0,0.0,108.157295,16.0,0.0,105.30432,14.0,0.0,251.71611,14.0,0.0,108.157295,14.0,0.0,195.04102
Consumer,14.0,0.527249,100.68764,14.0,0.0,186.77527,14.0,0.527249,243.84627,14.0,0.0,186.77527,15.0,0.0,101.76935
Consumer,14.0,0.0,186.93582,14.0,0.0,106.733315,14.0,0.0,186.93582,14.0,0.0,106.733315,14.0,0.0,108.461975
LazyConsumer,16.0,0.0,186.63869,14.0,0.0,137.41179,14.0,0.0,299.17386,14.0,0.0,240.6512,14.0,0.0,299.17386
EcologicalConsumer,12.0,0.9439209,116.846054,11.0,1.0,211.5325,15.0,0.0,157.26729,13.0,0.47335082,211.5325,12.0,0.9439209,157.26729
Consumer,9.0,1.0,237.19191,13.0,1.0,109.12378,15.0,0.0,103.57606,15.0,0.0,180.83418,14.0,0.527249,103.57606
EcologicalConsumer,14.0,0.527249,251.8035,14.0,0.0,102.528046,14.0,0.527249,251.8035,14.0,0.0,97.71899,14.0,0.0,251.8035
LazyConsumer,14.0,0.0,146.34889,14.0,0.527249,152.06906,14.0,0.0,146.34889,14.0,0.0,193.34166,14.0,0.527249,152.06906
EcologicalConsumer,14.0,0.527249,218.83556,14.0,0.0,127.31457,14.0,0.0,218.83556,14.0,0.527249,166.60432,14.0,0.527249,108.16654
LazyConsumer,14.0,0.0,137.41179,15.0,0.0,109.03669,14.0,0.527249,137.41179,14.0,0.527249,299.17386,14.0,0.0,240.6512
EcologicalConsumer,14.0,0.527249,161.27615,14.0,0.0,333.0,16.0,0.0,216.13422,14.0,0.0,333.0,14.0,0.0,273.0293
Consumer,14.0,0.0,308.6908,14.0,0.527249,141.01419,14.0,0.0,249.14655,14.0,0.0,308.6908,16.0,0.0,193.34166
LazyConsumer,15.0,0.0,183.3303,14.0,0.0,114.236595,15.0,0.0,183.3303,14.0,0.527249,150.07332,14.0,0.0,183.3303
EcologicalConsumer,14.0,0.0,125.80143,15.0,0.0,161.96605,14.0,0.0,141.48145,15.0,0.0,161.96605,14.0,0.527249,184.8053
Consumer,14.0,0.0,115.97414,14.0,0.0,273.18307,14.0,0.0,115.97414,14.0,0.527249,214.76732,14.0,0.0,273.18307
Consumer,14.0,0.0,218.69156,15.0,0.0,95.047356,14.0,0.0,218.69156,14.0,0.0,277.75168,14.0,0.527249,218.69156
EcologicalConsumer,11.0,1.0,211.4734,15.0,0.0,139.2013,12.0,0.9439209,161.22035,14.0,0.0,139.2013,14.0,0.60349345,211.4734
EcologicalConsumer,10.0,1.0,305.86435,14.0,0.0,105.75916,13.0,1.0,305.86435,15.0,0.0,246.44066,15.0,0.0,139.05394
Consumer,14.0,0.527249,180.83418,15.0,0.527249,103.57606,14.0,0.527249,109.12378,16.0,0.0,237.19191,16.0,0.0,237.19191
LazyConsumer,14.0,0.0,111.0045,14.0,0.0,209.99524,14.0,0.0,266.32687,14.0,0.527249,120.70211,14.0,0.0,266.32687
LazyConsumer,14.0,0.0,175.85506,14.0,0.0,108.16654,15.0,0.527249,175.85506,14.0,0.0,108.16654,15.0,0.0,175.85506
LazyConsumer,14.0,0.0,195.64508,14.0,0.0,117.65203,14.0,0.0,118.12705,14.0,0.0,117.65203,14.0,0.0,195.64508
EcologicalConsumer,12.0,0.9439209,216.13422,11.0,1.0,119.43617,15.0,0.0,161.27615,14.0,0.17226036,273.0293,13.0,0.0,119.43617
Consumer,14.0,0.527249,115.918076,14.0,0.0,158.39824,15.0,0.0,208.39626,14.0,0.527249,158.39824,14.0,0.527249,140.24622
Consumer,13.0,0.0,123.43824,14.0,0.527249,115.62439,14.0,0.527249,183.66273,14.0,0.0,115.62439,14.0,0.0,183.66273
LazyConsumer,14.0,0.0,111.0,13.0,0.0,125.71794,14.0,0.527249,111.0,14.0,0.527249,171.8255,13.0,0.0,125.71794
LazyConsumer,14.0,0.0,143.01048,14.0,0.527249,114.01754,14.0,0.0,149.28162,14.0,0.0,149.28162,15.0,0.0,198.64542
LazyConsumer,14.0,0.0,299.87997,14.0,0.527249,134.4656,14.0,0.0,299.87997,14.0,0.0,134.4656,15.0,0.0,240.60756
Consumer,11.0,1.0,120.65239,14.0,0.0,168.66832,13.0,0.47335082,120.65239,12.0,0.0,104.0,14.0,0.60349345,120.65239
LazyConsumer,14.0,0.0,195.81624,14.0,0.0,149.03691,13.0,0.0,195.81624,14.0,0.527249,149.03691,14.0,0.527249,118.595955
LazyConsumer,11.0,1.0,123.69317,15.0,0.0,99.724625,13.0,0.47335082,123.69317,12.0,0.0,99.724625,14.0,0.30163038,156.20499
EcologicalConsumer,15.0,0.0,141.01419,14.0,0.0,112.29426,14.0,0.527249,201.18896,14.0,0.0,141.01419,14.0,0.527249,152.06906
LazyConsumer,11.0,1.0,143.62799,14.0,0.0,138.03261,15.0,0.0,186.77527,9.0,1.0,143.62799,15.0,0.0,108.26819
LazyConsumer,14.0,0.0,154.15576,14.0,0.0,111.61093,14.0,0.0,154.15576,15.0,0.0,139.05394,14.0,0.0,203.74493
EcologicalConsumer,14.0,0.60349345,115.87925,13.0,0.70581925,324.4996,15.0,0.30163038,264.84714,13.0,0.0,324.4996,14.0,0.527249,264.84714
EcologicalConsumer,13.0,0.60349345,157.26729,14.0,0.0,121.037186,14.0,0.60349345,211.5325,13.0,0.0,121.037186,15.0,0.30163038,99.40825
EcologicalConsumer,14.0,0.0,161.27615,14.0,0.0,161.27615,15.0,0.0,119.43617,14.0,0.0,273.0293,14.0,0.0,161.27615
LazyConsumer,14.0,0.0,204.47249,15.0,0.0,128.31601,14.0,0.527249,101.607086,14.0,0.527249,204.47249,14.0,0.0,101.607086
LazyConsumer,12.0,0.9439209,186.63869,11.0,1.0,109.03669,14.0,0.0,240.6512,15.0,0.0,137.41179,13.0,0.47335082,109.03669
Consumer,14.0,0.0,104.40307,14.0,0.0,136.47343,16.0,0.0,105.36128,14.0,0.0,104.40307,16.0,0.0,187.29655
LazyConsumer,15.0,0.30163038,154.15576,13.0,0.0,203.74493,14.0,0.527249,154.15576,13.0,0.0,203.74493,14.0,0.527249,111.61093
EcologicalConsumer,14.0,0.0,291.08417,14.0,0.527249,128.22246,14.0,0.0,232.10773,16.0,0.0,177.60912,14.0,0.0,291.08417
LazyConsumer,14.0,0.0,154.46683,14.0,0.0,147.51271,14.0,0.0,201.91087,14.0,0.527249,118.84864,14.0,0.0,154.46683
EcologicalConsumer,14.0,0.17226036,110.0409,13.0,0.70581925,123.308556,15.0,0.6236682,227.23776,13.0,0.0,123.308556,14.0,0.527249,110.0409
Consumer,14.0,0.0,174.02586,14.0,0.0,229.0262,14.0,0.527249,101.4002,14.0,0.0,174.02586,16.0,0.0,113.37107
Consumer,14.0,0.0,105.36128,14.0,0.0,111.0,14.0,0.527249,105.36128,14.0,0.0,197.58542,14.0,0.0,254.86664
Consumer,14.0,0.0,130.66751,14.0,0.527249,217.18655,14.0,0.0,130.66751,14.0,0.0,217.18655,14.0,0.527249,110.36757
LazyConsumer,14.0,0.527249,134.4656,14.0,0.0,240.60756,14.0,0.527249,299.87997,14.0,0.0,240.60756,15.0,0.0,103.57606
LazyConsumer,11.0,1.0,111.48543,14.0,0.0,186.13167,15.0,0.0,107.07941,13.0,0.47335082,111.48543,12.0,0.0,107.07941
LazyConsumer,12.0,0.9439209,118.595955,13.0,0.47335082,198.64542,14.0,0.47335082,143.01048,13.0,0.60349345,149.28162,14.0,0.30163038,114.01754
Consumer,14.0,0.0,275.632,14.0,0.527249,116.61904,14.0,0.0,216.94469,16.0,0.0,97.18539,14.0,0.0,275.632
LazyConsumer,14.0,0.0,98.15294,14.0,0.527249,152.62044,14.0,0.0,98.15294,14.0,0.0,205.73041,14.0,0.527249,98.15294
EcologicalConsumer,14.0,0.0,201.69284,14.0,0.0,150.62868,14.0,0.0,108.68302,14.0,0.527249,150.62868,14.0,0.0,136.0294
LazyConsumer,11.0,1.0,250.89041,15.0,0.0,117.65203,13.0,0.0,250.89041,13.0,1.0,117.65203,15.0,0.0,118.12705
EcologicalConsumer,16.0,0.0,239.52036,14.0,0.0,106.929886,14.0,0.0,103.16007,14.0,0.0,182.7813,14.0,0.0,106.929886
LazyConsumer,12.0,0.9439209,110.02273,14.0,0.17226036,114.236595,13.0,0.47335082,183.3303,12.0,0.0,135.5913,14.0,0.0,114.236595
LazyConsumer,14.0,0.527249,99.724625,13.0,0.0,209.31316,14.0,0.0,156.20499,14.0,0.0,99.724625,14.0,0.0,156.20499
EcologicalConsumer,14.0,0.527249,305.86435,14.0,0.0,246.44066,14.0,0.0,139.05394,14.0,0.0,105.75916,14.0,0.0,139.05394
LazyConsumer,13.0,0.0,149.24141,14.0,0.527249,139.05394,14.0,0.0,114.947815,14.0,0.527249,149.24141,14.0,0.0,139.05394
EcologicalConsumer,14.0,0.527249,177.34148,14.0,0.0,229.61272,14.0,0.0,114.03947,15.0,0.0,127.632286,14.0,0.0,229.61272
EcologicalConsumer,14.0,0.0,132.61221,14.0,0.527249,159.22626,14.0,0.0,110.02727,14.0,0.0,132.61221,16.0,0.0,123.065025
LazyConsumer,14.0,0.527249,266.3081,14.0,0.527249,152.30562,13.0,0.0,327.02905,14.0,0.0,266.3081,14.0,0.527249,327.02905
LazyConsumer,14.0,0.0,118.12705,14.0,0.0,117.65203,16.0,0.0,250.89041,14.0,0.0,117.65203,14.0,0.0,195.64508
LazyConsumer,13.0,0.0,266.32687,14.0,0.527249,120.70211,14.0,0.0,209.99524,14.0,0.527249,266.32687,14.0,0.0,120.70211
EcologicalConsumer,16.0,0.0,116.81181,14.0,0.0,136.0294,14.0,0.0,150.62868,14.0,0.0,136.0294,14.0,0.0,108.68302
Consumer,15.0,0.0,138.95683,13.0,0.0,181.81584,14.0,0.527249,138.95683,14.0,0.527249,126.14278,13.0,0.0,181.81584
EcologicalConsumer,13.0,0.0,161.72198,14.0,0.0,123.00407,14.0,0.0,131.48764,14.0,0.0,123.00407,15.0,0.0,175.80103
LazyConsumer,12.0,0.9439209,117.18362,14.0,0.17226036,101.71037,15.0,0.0,124.47088,9.0,1.0,209.77368,10.0,1.0,124.47088
LazyConsumer,14.0,0.0,195.81624,16.0,0.0,150.01334,14.0,0.0,195.81624,14.0,0.0,118.595955,14.0,0.0,118.595955
EcologicalConsumer,14.0,0.0,149.2012,14.0,0.527249,260.0346,14.0,0.0,149.2012,15.0,0.0,110.13628,14.0,0.0,260.0346
EcologicalConsumer,11.0,1.0,210.98341,15.0,0.0,159.22626,14.0,0.17226036,110.02727,10.0,1.0,132.61221,15.0,0.0,159.22626
EcologicalConsumer,14.0,0.0,187.80043,14.0,0.0,241.94421,16.0,0.0,119.1008,14.0,0.0,241.94421,14.0,0.0,187.80043
EcologicalConsumer,14.0,0.527249,246.44066,13.0,0.0,305.86435,14.0,0.0,246.44066,14.0,0.0,139.05394,14.0,0.0,246.44066
LazyConsumer,14.0,0.0,266.32687,15.0,0.0,209.99524,14.0,0.527249,266.32687,16.0,0.0,160.55217,16.0,0.0,111.0045
LazyConsumer,15.0,0.6236682,193.34166,13.0,0.0,152.06906,14.0,0.527249,120.48651,14.0,0.527249,146.34889,13.0,0.0,152.06906
EcologicalConsumer,15.0,0.0,150.62868,13.0,0.0,136.0294,14.0,0.527249,150.62868,14.0,0.527249,136.0294,14.0,0.0,150.62868
EcologicalConsumer,14.0,0.0,192.50974,13.0,0.70581925,248.96587,15.0,0.30163038,192.50974,13.0,0.0,248.96587,14.0,0.527249,192.50974
EcologicalConsumer,14.0,0.0,258.14145,14.0,0.0,111.0,14.0,0.0,148.55302,16.0,0.0,111.0,14.0,0.0,317.8443
EcologicalConsumer,14.0,0.0,157.26729,14.0,0.0,121.037186,14.0,0.527249,157.26729,15.0,0.527249,99.40825,14.0,0.0,157.26729
LazyConsumer,14.0,0.0,327.02905,14.0,0.527249,152.30562,14.0,0.0,266.3081,16.0,0.0,208.38666,14.0,0.0,266.3081
Consumer,14.0,0.0,130.24976,14.0,0.527249,174.77414,14.0,0.527249,170.18225,14.0,0.0,134.1119,14.0,0.0,170.18225
LazyConsumer,14.0,0.0,121.64292,14.0,0.0,336.16217,14.0,0.527249,164.14627,14.0,0.0,336.16217,16.0,0.0,219.20766
Consumer,14.0,0.0,214.76732,14.0,0.0,273.18307,16.0,0.0,98.4124,14.0,0.0,273.18307,14.0,0.0,214.76732
Consumer,15.0,0.0,165.07574,14.0,0.0,160.20612,14.0,0.0,119.85408,14.0,0.527249,160.20612,14.0,0.527249,165.07574
EcologicalConsumer,14.0,0.0,263.70627,14.0,0.0,109.12378,14.0,0.527249,263.70627,14.0,0.0,205.42882,14.0,0.0,109.12378
Consumer,15.0,0.0,104.0,14.0,0.0,168.66832,14.0,0.527249,104.0,14.0,0.0,168.66832,14.0,0.0,104.0
Consumer,14.0,0.0,107.70794,14.0,0.0,115.87925,16.0,0.0,107.70794,14.0,0.0,261.96375,14.0,0.0,115.87925
LazyConsumer,11.0,1.0,147.51271,14.0,0.0,154.46683,13.0,0.47335082,147.51271,14.0,0.0,154.46683,13.0,0.0,118.84864
LazyConsumer,12.0,0.9439209,136.60527,11.0,1.0,114.93476,15.0,0.0,236.59671,13.0,0.60349345,107.05606,14.0,0.0,181.81859
LazyConsumer,11.0,1.0,101.65137,15.0,0.0,256.46246,13.0,0.0,108.26819,14.0,0.70581925,101.65137,13.0,1.0,256.46246
LazyConsumer,14.0,0.0,276.17566,14.0,0.527249,336.16217,14.0,0.0,164.14627,14.0,0.0,336.16217,14.0,0.0,164.14627
EcologicalConsumer,14.0,0.527249,116.40017,14.0,0.0,161.22035,16.0,0.0,211.4734,14.0,0.0,139.2013,14.0,0.0,116.40017
EcologicalConsumer,14.0,0.0,294.24478,14.0,0.0,130.80138,15.0,0.0,235.23605,16.0,0.0,102.70345,16.0,0.0,180.60178
LazyConsumer,14.0,0.0,176.11928,14.0,0.527249,99.14131,14.0,0.0,106.94391,14.0,0.0,176.11928,15.0,0.0,99.14131
Consumer,14.0,0.527249,273.18307,14.0,0.0,334.4802,14.0,0.0,156.6461,15.0,0.0,109.9318,14.0,0.0,273.18307
LazyConsumer,14.0,0.0,186.77527,14.0,0.0,138.03261,14.0,0.0,186.77527,14.0,0.0,138.03261,14.0,0.0,186.77527
Consumer,14.0,0.0,181.81584,14.0,0.0,126.14278,14.0,0.0,138.95683,14.0,0.0,138.95683,14.0,0.0,126.14278
LazyConsumer,14.0,0.527249,209.99524,14.0,0.0,266.32687,14.0,0.0,120.70211,16.0,0.0,160.55217,14.0,0.0,209.99524
Consumer,14.0,0.0,141.76741,14.0,0.0,141.76741,14.0,0.0,152.06906,15.0,0.0,201.71762,14.0,0.0,141.76741
EcologicalConsumer,13.0,0.0,232.1659,15.0,0.30163038,177.0452,13.0,0.0,232.1659,14.0,0.527249,177.0452,14.0,0.527249,102.70345
Consumer,14.0,0.0,197.58542,16.0,0.0,254.86664,14.0,0.0,105.36128,14.0,0.0,111.0,14.0,0.0,105.36128
Consumer,11.0,1.0,213.77559,14.0,0.0,98.1835,15.0,0.0,118.40608,12.0,0.9439209,159.01257,14.0,0.0,98.1835
Consumer,14.0,0.0,147.75656,14.0,0.0,128.31601,15.0,0.0,109.12378,16.0,0.0,177.01978,16.0,0.0,177.01978
EcologicalConsumer,13.0,0.70581925,333.0,15.0,0.30163038,273.0293,13.0,0.0,333.0,14.0,0.527249,273.0293,13.0,0.0,333.0
LazyConsumer,15.0,0.0,157.6864,14.0,0.0,145.0,14.0,0.0,145.0,14.0,0.527249,189.61276,14.0,0.527249,189.61276
EcologicalConsumer,14.0,0.0,146.50938,15.0,0.0,115.80155,14.0,0.527249,149.48244,14.0,0.527249,115.80155,14.0,0.0,149.48244
Consumer,13.0,0.0,169.83817,14.0,0.527249,125.670204,13.0,0.0,169.83817,14.0,0.0,125.670204,14.0,0.0,118.3385
EcologicalConsumer,14.0,0.0,182.7813,14.0,0.0,103.16007,15.0,0.0,239.52036,14.0,0.0,106.929886,14.0,0.0,182.7813
EcologicalConsumer,15.0,0.0,155.56992,13.0,0.0,326.6757,14.0,0.527249,155.56992,14.0,0.0,266.7377,14.0,0.0,155.56992
Consumer,12.0,0.9439209,163.37686,11.0,1.0,97.18539,15.0,0.0,275.632,13.0,0.60349345,116.61904,14.0,0.60349345,97.18539
LazyConsumer,13.0,0.0,229.43626,15.0,0.0,108.16654,14.0,0.527249,175.85506,14.0,0.527249,108.16654,14.0,0.0,175.85506
EcologicalConsumer,14.0,0.0,115.87925,14.0,0.0,154.87091,16.0,0.0,115.87925,14.0,0.0,324.4996,14.0,0.0,264.84714
EcologicalConsumer,14.0,0.0,263.70627,14.0,0.527249,109.12378,14.0,0.0,205.42882,14.0,0.0,263.70627,16.0,0.0,96.69022
Consumer,15.0,0.30163038,214.76732,15.0,0.0,115.97414,14.0,0.527249,214.76732,13.0,0.0,273.18307,14.0,0.0,214.76732
LazyConsumer,15.0,0.0,250.89041,14.0,0.0,118.12705,14.0,0.0,250.89041,14.0,0.0,117.65203,14.0,0.527249,195.64508
LazyConsumer,14.0,0.527249,205.73041,14.0,0.0,98.15294,14.0,0.527249,152.62044,14.0,0.0,205.73041,14.0,0.0,98.15294
EcologicalConsumer,16.0,0.0,112.40107,14.0,0.0,201.3579,14.0,0.0,149.40215,14.0,0.0,201.3579,14.0,0.0,149.40215
EcologicalConsumer,12.0,0.9439209,132.40091,11.0,1.0,227.23776,11.0,1.0,227.23776,15.0,0.0,173.5108,13.0,0.47335082,227.23776
LazyConsumer,14.0,0.0,195.04102,14.0,0.527249,112.929184,14.0,0.527249,145.7738,14.0,0.0,112.929184,16.0,0.0,195.04102
Consumer,13.0,0.0,100.68764,14.0,0.70581925,101.76935,14.0,0.0,186.77527,15.0,0.0,100.68764,13.0,0.0,243.84627
EcologicalConsumer,12.0,0.9439209,170.4142,14.0,0.17226036,224.94888,13.0,0.47335082,97.04638,12.0,0.0,121.49486,14.0,0.70581925,97.04638
EcologicalConsumer,12.0,0.9439209,119.94165,12.0,0.9439209,125.80143,14.0,0.0,141.48145,15.0,0.0,141.48145,13.0,0.0,184.8053
EcologicalConsumer,14.0,0.0,105.30432,15.0,0.30163038,195.04102,15.0,0.0,108.157295,13.0,0.0,251.71611,14.0,0.527249,108.157295
LazyConsumer,12.0,0.9439209,115.80155,14.0,0.17226036,112.929184,13.0,0.47335082,195.04102,14.0,0.0,112.929184,13.0,0.70581925,143.58621
Consumer,14.0,0.0,106.733315,14.0,0.0,108.461975,14.0,0.0,186.93582,14.0,0.0,108.461975,16.0,0.0,139.81773
EcologicalConsumer,14.0,0.0,157.26729,14.0,0.0,99.40825,15.0,0.0,211.5325,15.0,0.0,211.5325,14.0,0.0,121.037186
Consumer,14.0,0.0,172.28465,16.0,0.0,157.89236,14.0,0.0,172.28465,14.0,0.0,116.846054,14.0,0.0,116.846054
LazyConsumer,14.0,0.527249,229.43626,14.0,0.0,108.16654,14.0,0.527249,175.85506,14.0,0.0,229.43626,14.0,0.0,108.16654
LazyConsumer,14.0,0.527249,229.89563,14.0,0.527249,121.80312,14.0,0.0,229.89563,14.0,0.0,121.80312,14.0,0.527249,175.85506
Consumer,14.0,0.0,115.62439,15.0,0.0,237.53105,14.0,0.0,115.62439,14.0,0.527249,123.43824,14.0,0.0,183.66273
EcologicalConsumer,14.0,0.0,112.507774,16.0,0.0,228.60008,14.0,0.0,112.507774,14.0,0.0,101.4002,14.0,0.0,172.86122
LazyConsumer,14.0,0.0,195.64508,14.0,0.527249,118.12705,14.0,0.0,195.64508,15.0,0.0,250.89041,14.0,0.0,118.12705
LazyConsumer,10.0,1.0,149.24141,13.0,0.70581925,149.24141,15.0,0.6236682,186.93582,13.0,0.0,149.24141,14.0,0.527249,114.947815
Consumer,15.0,0.0,102.176315,14.0,0.0,229.89563,15.0,0.0,102.176315,14.0,0.0,229.89563,14.0,0.0,102.176315
EcologicalConsumer,15.0,0.0,124.02016,13.0,0.0,283.01944,14.0,0.527249,124.02016,14.0,0.0,224.58852,14.0,0.527249,283.01944
EcologicalConsumer,14.0,0.0,146.50938,14.0,0.0,115.80155,14.0,0.0,149.48244,14.0,0.527249,115.80155,14.0,0.0,149.48244
Consumer,14.0,0.527249,135.67976,14.0,0.0,130.59862,14.0,0.0,168.58232,16.0,0.0,177.73013,14.0,0.0,168.58232
EcologicalConsumer,14.0,0.527249,102.45975,14.0,0.0,192.93782,14.0,0.527249,106.25441,14.0,0.0,102.45975,14.0,0.0,192.93782
LazyConsumer,12.0,0.9439209,160.55217,14.0,0.17226036,209.99524,14.0,0.60349345,111.0045,15.0,0.30163038,209.99524,15.0,0.0,120.70211
EcologicalConsumer,14.0,0.0,115.80155,14.0,0.0,197.20294,14.0,0.527249,149.48244,14.0,0.0,115.80155,14.0,0.0,197.20294
Consumer,12.0,0.9439209,123.308556,11.0,1.0,218.69156,15.0,0.0,120.67311,13.0,0.0,218.69156,14.0,0.0,103.04368
EcologicalConsumer,11.0,1.0,111.0,15.0,0.0,317.8443,13.0,0.60349345,148.55302,15.0,0.0,111.0,15.0,0.0,258.14145
Consumer,14.0,0.17226036,106.733315,15.0,0.0,108.461975,13.0,0.60349345,186.93582,10.0,1.0,108.461975,14.0,0.60349345,243.48306
Consumer,14.0,0.527249,116.61904,14.0,0.527249,275.632,14.0,0.0,216.94469,14.0,0.0,275.632,14.0,0.0,97.18539
EcologicalConsumer,14.0,0.0,260.0346,14.0,0.0,149.2012,14.0,0.0,320.02814,14.0,0.0,149.2012,14.0,0.0,320.02814
EcologicalConsumer,15.0,0.30163038,136.82104,13.0,0.0,182.5267,14.0,0.527249,136.82104,13.0,0.0,182.5267,14.0,0.527249,117.273186
EcologicalConsumer,14.0,0.0,131.48764,14.0,0.0,123.00407,14.0,0.0,175.80103,14.0,0.0,131.48764,14.0,0.0,123.00407
EcologicalConsumer,13.0,0.0,284.07394,15.0,0.6236682,97.04638,13.0,0.0,284.07394,14.0,0.527249,224.94888,13.0,0.0,284.07394
Consumer,14.0,0.0,277.75168,14.0,0.0,116.50322,14.0,0.0,218.69156,14.0,0.0,277.75168,14.0,0.0,116.50322
Consumer,14.0,0.527249,119.85408,14.0,0.0,160.20612,14.0,0.0,119.85408,14.0,0.0,160.20612,16.0,0.0,102.044106
LazyConsumer,14.0,0.527249,114.01754,13.0,0.0,143.01048,14.0,0.0,114.01754,14.0,0.0,149.28162,14.0,0.0,114.01754
LazyConsumer,14.0,0.527249,145.7738,14.0,0.0,112.929184,15.0,0.0,195.04102,14.0,0.0,145.7738,14.0,0.527249,143.58621
Consumer,14.0,0.0,116.50322,14.0,0.0,277.75168,14.0,0.527249,116.50322,14.0,0.0,218.69156,16.0,0.0,95.047356
LazyConsumer,14.0,0.0,134.4656,16.0,0.0,185.42114,14.0,0.0,134.4656,14.0,0.0,240.60756,14.0,0.0,299.87997
LazyConsumer,11.0,1.0,101.118744,15.0,0.0,268.33002,14.0,0.0,210.48753,13.0,0.60349345,114.93476,14.0,0.0,268.33002
EcologicalConsumer,12.0,0.9439209,143.58621,14.0,0.0,106.25441,13.0,0.47335082,250.53941,14.0,0.0,106.25441,10.0,1.0,102.45975
Consumer,9.0,1.0,187.29655,14.0,0.0,187.29655,13.0,1.0,138.70833,15.0,0.0,136.47343,14.0,0.0,104.40307
Consumer,13.0,1.0,275.632,15.0,0.0,116.61904,15.0,0.0,116.61904,14.0,0.527249,216.94469,14.0,0.527249,116.61904
EcologicalConsumer,14.0,0.0,148.55302,14.0,0.0,258.14145,15.0,0.0,111.0,14.0,0.527249,148.55302,14.0,0.527249,317.8443
EcologicalConsumer,14.0,0.0,205.42882,14.0,0.0,96.69022,13.0,1.0,263.70627,15.0,0.30163038,205.42882,13.0,0.0,263.70627
LazyConsumer,14.0,0.0,268.33002,16.0,0.0,158.54968,14.0,0.0,268.33002,14.0,0.0,210.48753,14.0,0.527249,114.93476
EcologicalConsumer,14.0,0.527249,112.76968,14.0,0.0,177.0452,14.0,0.0,177.0452,14.0,0.0,112.76968,14.0,0.527249,177.0452
Consumer,14.0,0.0,229.89563,14.0,0.527249,288.62433,14.0,0.0,127.31457,14.0,0.0,288.62433,14.0,0.0,127.31457
LazyConsumer,14.0,0.0,256.46246,14.0,0.0,199.11052,14.0,0.0,108.26819,14.0,0.0,256.46246,14.0,0.0,199.11052
EcologicalConsumer,14.0,0.0,195.04102,14.0,0.527249,251.71611,14.0,0.0,195.04102,14.0,0.0,108.157295,14.0,0.527249,195.04102
Consumer,14.0,0.527249,172.28465,14.0,0.0,127.41271,14.0,0.0,157.89236,14.0,0.0,172.28465,14.0,0.527249,116.846054
LazyConsumer,14.0,0.0,338.78754,14.0,0.0,338.78754,14.0,0.527249,162.11107,14.0,0.0,338.78754,16.0,0.0,219.31712
EcologicalConsumer,14.0,0.0,266.7377,14.0,0.0,326.6757,14.0,0.527249,155.56992,14.0,0.0,266.7377,14.0,0.0,326.6757
Consumer,14.0,0.0,334.4802,16.0,0.0,109.9318,14.0,0.0,334.4802,14.0,0.0,273.18307,14.0,0.0,334.4802
EcologicalConsumer,14.0,0.0,218.83556,16.0,0.0,127.059044,14.0,0.527249,218.83556,14.0,0.0,108.16654,14.0,0.0,218.83556
LazyConsumer,12.0,0.9439209,120.552895,14.0,0.17226036,154.15576,15.0,0.0,203.74493,9.0,1.0,139.05394,13.0,1.0,203.74493
EcologicalConsumer,14.0,0.527249,326.6757,14.0,0.527249,115.15642,14.0,0.0,266.7377,14.0,0.0,326.6757,14.0,0.0,115.15642
LazyConsumer,14.0,0.527249,189.61276,14.0,0.0,123.49089,14.0,0.527249,145.0,14.0,0.0,189.61276,14.0,0.0,123.49089
LazyConsumer,12.0,0.9439209,219.31712,14.0,0.0,277.8003,13.0,0.47335082,115.76269,14.0,0.17226036,277.8003,10.0,0.70581925,338.78754
EcologicalConsumer,14.0,0.0,104.40307,14.0,0.0,189.85521,14.0,0.0,102.528046,14.0,0.0,189.85521,15.0,0.0,104.40307
EcologicalConsumer,14.0,0.0,251.71611,14.0,0.0,108.157295,16.0,0.0,145.7738,14.0,0.0,108.157295,14.0,0.527249,195.04102
EcologicalConsumer,15.0,0.0,110.65261,14.0,0.0,274.96182,15.0,0.0,110.65261,14.0,0.0,110.65261,14.0,0.0,218.15591
Consumer,14.0,0.527249,106.733315,14.0,0.0,108.461975,14.0,0.0,108.461975,14.0,0.0,186.93582,16.0,0.0,139.81773
EcologicalConsumer,14.0,0.0,258.14145,14.0,0.0,317.8443,14.0,0.527249,148.55302,15.0,0.527249,258.14145,14.0,0.527249,317.8443
LazyConsumer,10.0,1.0,204.47249,14.0,0.0,152.30562,15.0,0.0,101.607086,15.0,0.0,101.607086,14.0,0.527249,152.30562
LazyConsumer,14.0,0.0,193.2149,14.0,0.0,247.75795,14.0,0.0,193.2149,14.0,0.0,247.75795,14.0,0.0,115.52056
LazyConsumer,14.0,0.527249,150.07332,14.0,0.0,135.5913,14.0,0.0,114.236595,15.0,0.0,183.3303,14.0,0.0,135.5913
Consumer,14.0,0.0,103.57606,14.0,0.0,109.12378,16.0,0.0,134.4656,14.0,0.0,180.83418,14.0,0.0,109.12378
EcologicalConsumer,14.0,0.0,110.65261,14.0,0.527249,218.15591,14.0,0.527249,125.23977,14.0,0.0,274.96182,16.0,0.0,110.65261
LazyConsumer,14.0,0.0,149.03691,14.0,0.527249,195.81624,14.0,0.0,149.03691,15.0,0.0,150.01334,15.0,0.0,150.01334
LazyConsumer,14.0,0.527249,149.28162,14.0,0.0,114.01754,16.0,0.0,118.595955,14.0,0.527249,143.01048,14.0,0.527249,143.01048
LazyConsumer,12.0,0.9439209,129.46814,14.0,0.61463624,129.46814,14.0,0.0,99.14131,13.0,0.47335082,232.81967,14.0,0.47335082,106.94391
Consumer,10.0,1.0,168.58232,15.0,0.30163038,130.59862,13.0,0.0,168.58232,14.0,0.527249,130.59862,14.0,0.527249,135.67976
EcologicalConsumer,14.0,0.0,136.0294,14.0,0.0,145.83553,14.0,0.0,109.38464,14.0,0.0,136.0294,14.0,0.527249,109.38464
LazyConsumer,14.0,0.527249,127.424484,13.0,0.0,169.29265,14.0,0.0,128.28094,14.0,0.527249,169.29265,14.0,0.0,128.28094
EcologicalConsumer,14.0,0.527249,333.0,14.0,0.0,273.0293,14.0,0.0,333.0,14.0,0.527249,273.0293,14.0,0.0,333.0
LazyConsumer,14.0,0.0,186.13167,14.0,0.527249,241.58849,14.0,0.0,186.13167,14.0,0.0,241.58849,14.0,0.527249,186.13167
EcologicalConsumer,14.0,0.0,117.273186,14.0,0.527249,136.82104,14.0,0.0,117.273186,16.0,0.0,112.44999,16.0,0.0,154.31137
Consumer,14.0,0.527249,284.01584,14.0,0.0,170.18225,16.0,0.0,226.38463,14.0,0.0,344.37335,14.0,0.0,170.18225
LazyConsumer,14.0,0.0,209.31316,14.0,0.0,99.724625,14.0,0.0,156.20499,14.0,0.0,209.31316,14.0,0.0,99.724625
EcologicalConsumer,14.0,0.0,192.50974,14.0,0.0,248.96587,16.0,0.0,143.75327,14.0,0.527249,248.96587,14.0,0.527249,192.50974
LazyConsumer,12.0,0.9439209,133.9888,11.0,1.0,229.89563,15.0,0.0,175.85506,14.0,0.17226036,110.16351,10.0,1.0,121.80312
EcologicalConsumer,14.0,0.0,182.5267,14.0,0.0,136.82104,14.0,0.0,117.273186,14.0,0.527249,136.82104,14.0,0.0,182.5267
Consumer,14.0,0.527249,103.04368,14.0,0.527249,164.45364,14.0,0.0,103.04368,14.0,0.527249,120.67311,14.0,0.0,103.04368
EcologicalConsumer,14.0,0.0,117.273186,14.0,0.0,117.273186,14.0,0.0,182.5267,16.0,0.0,112.44999,16.0,0.0,112.44999
Consumer,14.0,0.527249,134.1119,14.0,0.527249,130.24976,14.0,0.0,134.1119,14.0,0.0,174.77414,16.0,0.0,170.18225
Consumer,14.0,0.0,314.02707,14.0,0.0,144.31216,15.0,0.0,107.205414,14.0,0.527249,144.31216,14.0,0.527249,314.02707
LazyConsumer,14.0,0.0,111.61093,15.0,0.0,139.05394,14.0,0.527249,111.61093,14.0,0.527249,203.74493,14.0,0.527249,139.05394
LazyConsumer,15.0,0.6236682,157.6864,15.0,0.0,123.49089,14.0,0.527249,145.0,14.0,0.527249,123.49089,14.0,0.0,145.0
EcologicalConsumer,12.0,0.9439209,142.84258,14.0,0.0,193.99226,13.0,0.47335082,97.71899,12.0,0.0,102.528046,14.0,0.70581925,97.71899
LazyConsumer,15.0,0.0,195.64508,13.0,0.0,117.65203,14.0,0.527249,195.64508,14.0,0.0,118.12705,14.0,0.527249,117.65203
EcologicalConsumer,15.0,0.0,106.28264,14.0,0.0,107.28001,15.0,0.0,106.28264,14.0,0.0,192.50974,14.0,0.527249,248.96587
Consumer,14.0,0.0,344.37335,14.0,0.0,284.01584,14.0,0.0,344.37335,14.0,0.0,170.18225,14.0,0.0,344.37335
LazyConsumer,14.0,0.0,266.3081,15.0,0.0,109.12378,14.0,0.0,266.3081,14.0,0.0,152.30562,15.0,0.0,109.12378
EcologicalConsumer,14.0,0.0,149.48244,14.0,0.0,197.20294,14.0,0.0,197.20294,14.0,0.0,115.80155,15.0,0.0,149.48244
EcologicalConsumer,12.0,0.9439209,190.88216,11.0,1.0,105.75916,14.0,0.0,246.44066,13.0,0.47335082,105.75916,12.0,0.60349345,139.05394
LazyConsumer,12.0,0.9439209,113.0,13.0,0.60349345,127.424484,14.0,0.0,128.28094,13.0,0.0,169.29265,14.0,0.527249,128.28094
EcologicalConsumer,14.0,0.527249,112.29426,14.0,0.0,152.06906,14.0,0.0,201.18896,16.0,0.0,141.01419,14.0,0.0,201.18896
EcologicalConsumer,14.0,0.527249,246.44066,14.0,0.527249,139.05394,14.0,0.0,305.86435,16.0,0.0,190.88216,14.0,0.0,246.44066
EcologicalConsumer,14.0,0.527249,173.5108,14.0,0.0,110.0409,14.0,0.0,173.5108,14.0,0.0,110.0409,15.0,0.0,227.23776
EcologicalConsumer,12.0,0.9439209,112.44999,11.0,1.0,154.31137,15.0,0.0,117.273186,14.0,0.17226036,136.82104,10.0,1.0,154.31137
EcologicalConsumer,14.0,0.527249,157.26729,14.0,0.0,99.40825,14.0,0.0,99.40825,16.0,0.0,116.846054,14.0,0.0,99.40825
EcologicalConsumer,14.0,0.527249,131.48764,14.0,0.0,123.00407,16.0,0.0,112.36102,14.0,0.0,123.00407,14.0,0.0,123.00407
LazyConsumer,14.0,0.527249,149.28162,15.0,0.527249,114.01754,14.0,0.0,149.28162,15.0,0.0,114.01754,16.0,0.0,198.64542
LazyConsumer,14.0,0.0,175.85506,16.0,0.0,120.93387,14.0,0.0,229.43626,14.0,0.0,175.85506,14.0,0.0,229.43626
LazyConsumer,15.0,0.0,169.29265,14.0,0.0,127.424484,15.0,0.0,169.29265,14.0,0.0,169.29265,14.0,0.0,127.424484
LazyConsumer,14.0,0.0,114.01754,15.0,0.0,198.64542,14.0,0.0,149.28162,14.0,0.0,198.64542,14.0,0.0,143.01048
LazyConsumer,12.0,0.9439209,133.14653,14.0,0.17226036,175.85506,13.0,0.47335082,120.93387,14.0,0.47335082,229.43626,9.0,1.0,120.93387
EcologicalConsumer,14.0,0.0,187.80043,14.0,0.0,113.43721,14.0,0.0,187.80043,14.0,0.0,241.94421,14.0,0.527249,187.80043
Consumer,10.0,1.0,229.0262,15.0,0.30163038,174.02586,15.0,0.0,101.4002,13.0,0.0,229.0262,13.0,0.0,229.0262
LazyConsumer,12.0,0.9439209,108.04629,11.0,1.0,177.7892,15.0,0.0,131.03435,13.0,0.47335082,177.7892,14.0,0.47335082,153.91231
Consumer,14.0,0.0,243.84627,15.0,0.0,101.76935,14.0,0.0,243.84627,14.0,0.0,186.77527,14.0,0.527249,243.84627
Consumer,15.0,0.0,165.07574,14.0,0.0,117.34564,14.0,0.0,160.20612,14.0,0.527249,117.34564,14.0,0.0,160.20612
LazyConsumer,14.0,0.0,114.93476,14.0,0.0,210.48753,15.0,0.0,101.118744,14.0,0.0,268.33002,15.0,0.0,101.118744
LazyConsumer,12.0,0.9439209,187.85632,11.0,1.0,104.13933,15.0,0.0,302.70282,14.0,0.17226036,243.30434,13.0,0.0,104.13933
LazyConsumer,14.0,0.0,156.20499,14.0,0.527249,101.71037,14.0,0.0,124.47088,14.0,0.527249,156.20499,14.0,0.0,101.71037
Consumer,14.0,0.0,216.94469,14.0,0.0,116.61904,14.0,0.0,216.94469,15.0,0.0,97.18539,15.0,0.0,97.18539
EcologicalConsumer,11.0,1.0,201.69284,15.0,0.0,136.0294,12.0,0.9439209,150.62868,9.0,1.0,201.69284,15.0,0.30163038,108.68302
EcologicalConsumer,14.0,0.0,116.40017,14.0,0.527249,139.2013,14.0,0.0,161.22035,14.0,0.527249,116.40017,14.0,0.0,161.22035
Consumer,15.0,0.0,177.73013,14.0,0.0,130.59862,14.0,0.0,135.67976,14.0,0.0,177.73013,14.0,0.0,168.58232
EcologicalConsumer,14.0,0.0,333.0,14.0,0.527249,161.27615,15.0,0.527249,273.0293,14.0,0.0,161.27615,15.0,0.0,273.0293
Consumer,14.0,0.0,174.77414,14.0,0.0,134.1119,14.0,0.0,130.24976,14.0,0.527249,134.1119,14.0,0.0,174.77414
LazyConsumer,13.0,0.70581925,209.31316,15.0,0.6236682,123.69317,13.0,0.0,209.31316,14.0,0.527249,156.20499,14.0,0.527249,99.724625
EcologicalConsumer,10.0,1.0,201.18896,15.0,0.0,112.29426,15.0,0.0,112.29426,14.0,0.527249,152.06906,14.0,0.527249,112.29426
LazyConsumer,14.0,0.0,154.15576,14.0,0.0,154.15576,14.0,0.0,139.05394,14.0,0.0,203.74493,14.0,0.527249,111.61093
LazyConsumer,12.0,0.9439209,185.42114,11.0,1.0,103.57606,15.0,0.0,134.4656,13.0,0.47335082,103.57606,12.0,0.0,134.4656
LazyConsumer,13.0,0.0,204.47249,14.0,0.527249,101.607086,14.0,0.527249,204.47249,14.0,0.0,101.607086,14.0,0.527249,152.30562
EcologicalConsumer,14.0,0.0,224.94888,14.0,0.0,284.07394,14.0,0.527249,121.49486,14.0,0.0,284.07394,16.0,0.0,97.04638
EcologicalConsumer,14.0,0.0,324.4996,14.0,0.0,264.84714,14.0,0.0,154.87091,14.0,0.0,324.4996,14.0,0.0,154.87091
Consumer,14.0,0.0,110.36757,15.0,0.0,130.66751,14.0,0.0,165.68042,15.0,0.0,130.66751,14.0,0.527249,217.18655
LazyConsumer,11.0,1.0,150.01334,15.0,0.0,118.595955,13.0,0.47335082,150.01334,12.0,0.0,118.595955,13.0,0.60349345,118.595955
EcologicalConsumer,14.0,0.0,110.0409,16.0,0.0,132.40091,14.0,0.0,173.5108,14.0,0.0,110.0409,14.0,0.0,123.308556
LazyConsumer,14.0,0.0,114.93476,14.0,0.0,107.05606,16.0,0.0,136.60527,14.0,0.0,181.81859,14.0,0.0,107.05606
Consumer,13.0,0.0,140.24622,14.0,0.527249,115.918076,13.0,0.0,140.24622,13.0,0.0,140.24622,15.0,0.0,208.39626
EcologicalConsumer,14.0,0.0,110.0409,14.0,0.0,173.5108,14.0,0.527249,110.0409,14.0,0.0,173.5108,16.0,0.0,227.23776
LazyConsumer,11.0,1.0,124.08465,14.0,0.0,152.62044,13.0,0.47335082,124.08465,13.0,0.60349345,98.15294,13.0,0.0,124.08465
LazyConsumer,15.0,0.30163038,152.62044,13.0,0.0,205.73041,14.0,0.527249,152.62044,13.0,0.0,205.73041,14.0,0.0,152.62044
Consumer,14.0,0.0,147.75656,14.0,0.0,109.12378,14.0,0.0,128.31601,14.0,0.0,147.75656,14.0,0.0,109.12378
LazyConsumer,14.0,0.527249,120.48651,14.0,0.0,152.06906,14.0,0.527249,146.34889,14.0,0.0,120.48651,16.0,0.0,120.074974
LazyConsumer,14.0,0.0,176.11928,15.0,0.0,232.81967,14.0,0.0,99.14131,14.0,0.0,99.14131,15.0,0.0,232.81967
Consumer,11.0,1.0,107.205414,14.0,0.0,254.1594,15.0,0.0,144.31216,13.0,0.47335082,107.205414,13.0,0.0,107.205414
Consumer,14.0,0.0,159.01257,16.0,0.0,117.47766,14.0,0.527249,159.01257,14.0,0.0,118.40608,16.0,0.0,117.47766
Consumer,14.0,0.0,115.97414,15.0,0.0,98.4124,14.0,0.0,214.76732,14.0,0.0,115.97414,14.0,0.527249,273.18307
Consumer,14.0,0.0,138.95683,14.0,0.0,126.14278,14.0,0.0,138.95683,15.0,0.0,163.46559,14.0,0.527249,126.14278
EcologicalConsumer,14.0,0.0,150.62868,15.0,0.0,108.68302,14.0,0.527249,136.0294,16.0,0.0,201.69284,16.0,0.0,201.69284
LazyConsumer,15.0,0.0,104.13933,14.0,0.0,243.30434,14.0,0.0,243.30434,15.0,0.0,104.13933,14.0,0.0,243.30434
LazyConsumer,14.0,0.527249,127.424484,14.0,0.0,169.29265,14.0,0.0,127.424484,14.0,0.0,169.29265,16.0,0.0,169.29265
EcologicalConsumer,14.0,0.0,266.7377,15.0,0.0,115.15642,14.0,0.0,155.56992,15.0,0.0,115.15642,14.0,0.0,266.7377
EcologicalConsumer,14.0,0.0,112.507774,14.0,0.0,101.4002,14.0,0.0,101.4002,14.0,0.0,172.86122,15.0,0.0,101.4002
Consumer,14.0,0.0,116.50322,14.0,0.527249,218.69156,14.0,0.0,116.50322,14.0,0.0,116.50322,15.0,0.0,95.047356
EcologicalConsumer,12.0,0.9439209,167.59773,11.0,1.0,110.65261,15.0,0.0,125.23977,14.0,0.17226036,218.15591,10.0,1.0,274.96182
EcologicalConsumer,14.0,0.527249,177.0452,14.0,0.0,102.70345,15.0,0.0,112.76968,14.0,0.527249,102.70345,14.0,0.527249,232.1659
EcologicalConsumer,12.0,0.9439209,208.56894,14.0,0.0,264.84714,13.0,0.47335082,115.87925,12.0,0.0,154.87091,14.0,0.0,324.4996
LazyConsumer,15.0,0.0,147.51271,14.0,0.0,201.91087,14.0,0.0,118.84864,14.0,0.527249,201.91087,14.0,0.0,154.46683
EcologicalConsumer,14.0,0.0,103.16007,14.0,0.0,182.7813,14.0,0.0,103.16007,14.0,0.527249,182.7813,14.0,0.0,106.929886
Consumer,14.0,0.0,205.3217,14.0,0.0,115.87925,14.0,0.0,205.3217,15.0,0.0,107.70794,14.0,0.0,115.87925
EcologicalConsumer,13.0,1.0,161.72198,15.0,0.6236682,175.80103,13.0,0.0,161.72198,14.0,0.527249,123.00407,14.0,0.527249,131.48764
Consumer,11.0,1.0,109.9318,14.0,0.0,273.18307,13.0,0.47335082,109.9318,12.0,0.0,156.6461,14.0,0.0,273.18307
EcologicalConsumer,14.0,0.0,229.61272,16.0,0.0,127.632286,14.0,0.0,229.61272,14.0,0.0,177.34148,14.0,0.0,229.61272
LazyConsumer,13.0,0.60349345,131.03435,10.0,1.0,153.91231,14.0,0.0,115.83177,15.0,0.0,131.03435,13.0,0.0,153.91231
