Timestamp: 28 Nov 2018, 15:48:32
AVG_DAYS_FOR_AUDIT: 180
LOGS_NAME: experiment_1
MONOPOLY_THRESHOLD: 0.5
NUM_BROKERS: 5
NUM_CONSUMERS: 50
NUM_PRODUCERS: 30
PERCENT_CONSUMED_ENERGY: 0.9
PERCENT_ECO_CONSUMERS: 0.33
PERCENT_LAZY_CONSUMERS: 0.33
STORE_RECORDS: true


"tick","SatisfiedConsumers"
10.0,0.0
20.0,0.0
30.0,0.0
40.0,0.0
50.0,0.0
60.0,0.0
70.0,0.0
80.0,0.0
90.0,0.0
100.0,0.0
110.0,0.0
120.0,0.0
130.0,0.0
140.0,0.0
150.0,0.0
160.0,1.0
170.0,1.0
180.0,2.0
190.0,2.0
200.0,3.0
210.0,3.0
220.0,4.0
230.0,4.0
240.0,5.0
250.0,5.0
260.0,6.0
270.0,6.0
280.0,7.0
290.0,7.0
300.0,8.0
310.0,8.0
320.0,9.0
330.0,9.0
340.0,10.0
350.0,10.0
360.0,10.0
370.0,11.0
380.0,11.0
390.0,12.0
400.0,12.0
410.0,13.0
420.0,13.0
430.0,14.0
440.0,14.0
450.0,15.0
460.0,15.0
470.0,16.0
480.0,16.0
490.0,17.0
500.0,17.0
510.0,18.0
520.0,18.0
530.0,19.0
540.0,19.0
550.0,20.0
560.0,20.0
570.0,20.0
580.0,21.0
590.0,21.0
600.0,22.0
610.0,22.0
620.0,23.0
630.0,23.0
640.0,24.0
650.0,24.0
660.0,25.0
670.0,25.0
680.0,26.0
690.0,26.0
700.0,27.0
710.0,27.0
720.0,28.0
730.0,28.0
740.0,29.0
750.0,29.0
760.0,29.0
770.0,29.0
780.0,29.0
790.0,24.0
800.0,16.0
810.0,15.0
820.0,15.0
830.0,15.0
840.0,16.0
850.0,14.0
860.0,14.0
870.0,15.0
880.0,14.0
890.0,15.0
900.0,15.0
910.0,15.0
920.0,14.0
930.0,14.0
940.0,14.0
950.0,14.0
960.0,14.0
970.0,15.0
980.0,15.0
990.0,15.0
1000.0,15.0
1010.0,15.0
1020.0,14.0
1030.0,14.0
1040.0,14.0
1050.0,14.0
1060.0,14.0
1070.0,14.0
1080.0,15.0
1090.0,14.0
1100.0,14.0
1110.0,15.0
1120.0,15.0
1130.0,15.0
1140.0,16.0
1150.0,16.0
1160.0,16.0
1170.0,17.0
1180.0,17.0
1190.0,17.0
1200.0,18.0
1210.0,18.0
1220.0,18.0
1230.0,19.0
1240.0,19.0
1250.0,19.0
1260.0,19.0
1270.0,19.0
1280.0,19.0
1290.0,20.0
1300.0,20.0
1310.0,20.0
1320.0,21.0
1330.0,21.0
1340.0,21.0
1350.0,22.0
1360.0,22.0
1370.0,22.0
1380.0,23.0
1390.0,23.0
1400.0,22.0
1410.0,23.0
1420.0,23.0
1430.0,23.0
1440.0,24.0
1450.0,24.0
1460.0,24.0
1470.0,24.0
1480.0,25.0
1490.0,25.0
1500.0,25.0
1510.0,26.0
1520.0,26.0
1530.0,26.0
1540.0,27.0
1550.0,27.0
1560.0,27.0
1570.0,28.0
1580.0,28.0
1590.0,28.0
1600.0,29.0
1610.0,29.0
1620.0,29.0
1630.0,30.0
1640.0,30.0
1650.0,30.0
1660.0,31.0
1670.0,31.0
1680.0,31.0
1690.0,32.0
1700.0,32.0
1710.0,32.0
1720.0,33.0
1730.0,33.0
1740.0,33.0
1750.0,34.0
1760.0,34.0
1770.0,34.0
1780.0,35.0
1790.0,35.0
1800.0,35.0
1810.0,35.0
1820.0,36.0
1830.0,36.0
1840.0,36.0
1850.0,37.0
1860.0,37.0
1870.0,37.0
1880.0,38.0
1890.0,38.0
1900.0,38.0
1910.0,39.0
1920.0,39.0
1930.0,38.0
1940.0,39.0
1950.0,39.0
1960.0,38.0
1970.0,37.0
1980.0,38.0
1990.0,38.0
2000.0,38.0
2010.0,39.0
2020.0,39.0
2030.0,39.0
2040.0,40.0
2050.0,40.0
2060.0,40.0
2070.0,41.0
2080.0,41.0
2090.0,41.0
2100.0,42.0
2110.0,42.0
2120.0,42.0
2130.0,43.0
2140.0,43.0
2150.0,43.0
2160.0,44.0
2170.0,44.0
2180.0,44.0
2190.0,45.0
2200.0,45.0
2210.0,45.0
2220.0,46.0
2230.0,46.0
2240.0,46.0
2250.0,45.0
2260.0,46.0
2270.0,46.0
2280.0,45.0
2290.0,46.0
2300.0,46.0
2310.0,46.0
2320.0,47.0
2330.0,47.0
2340.0,46.0
2350.0,46.0
2360.0,46.0
2370.0,46.0
2380.0,47.0
2390.0,47.0
2400.0,47.0
2410.0,48.0
2420.0,48.0
2430.0,48.0
2440.0,49.0
2450.0,49.0
2460.0,49.0
2470.0,50.0
2480.0,50.0
2490.0,50.0
2500.0,50.0
2510.0,50.0
2520.0,50.0
2530.0,50.0
2540.0,50.0
2550.0,50.0
2560.0,50.0
2570.0,50.0
2580.0,50.0
2590.0,50.0
2600.0,50.0
2610.0,50.0
2620.0,50.0
2630.0,50.0
2640.0,50.0
2650.0,50.0
2660.0,50.0
2670.0,50.0
2680.0,50.0
2690.0,50.0
2700.0,50.0
2710.0,50.0
2720.0,50.0
2730.0,50.0
2740.0,50.0
2750.0,50.0
2760.0,50.0
2770.0,50.0
2780.0,50.0
2790.0,50.0
2800.0,50.0
2810.0,49.0
2820.0,49.0
2830.0,50.0
2840.0,50.0
2850.0,50.0
2860.0,50.0
2870.0,50.0
2880.0,50.0
2890.0,50.0
2900.0,50.0
2910.0,50.0
2920.0,50.0
2930.0,50.0
2940.0,50.0
2950.0,50.0
2960.0,50.0
2970.0,50.0
2980.0,50.0
2990.0,50.0
3000.0,50.0
3010.0,50.0
3020.0,50.0
3030.0,50.0
3040.0,50.0
3050.0,50.0
3060.0,50.0
3070.0,50.0
3080.0,50.0
3090.0,50.0
3100.0,50.0
3110.0,50.0
3120.0,50.0
3130.0,50.0
3140.0,50.0
3150.0,50.0
3160.0,50.0
3170.0,50.0
3180.0,50.0
3190.0,50.0
3200.0,50.0
3210.0,50.0
3220.0,50.0
3230.0,50.0
3240.0,50.0
3250.0,50.0
3260.0,50.0
3270.0,50.0
3280.0,50.0
3290.0,50.0
3300.0,50.0
3310.0,50.0
3320.0,50.0
3330.0,50.0
3340.0,50.0
3350.0,50.0
3360.0,50.0
3370.0,42.0
3380.0,42.0
3390.0,43.0
3400.0,40.0
3410.0,40.0
3420.0,41.0
3430.0,41.0
3440.0,41.0
3450.0,42.0
3460.0,42.0
3470.0,42.0
3480.0,43.0
3490.0,43.0
3500.0,43.0
3510.0,44.0
3520.0,44.0
3530.0,44.0
3540.0,45.0
3550.0,45.0
3560.0,45.0
3570.0,45.0
3580.0,45.0
3590.0,45.0
3600.0,46.0
3610.0,46.0
3620.0,46.0
3630.0,47.0
3640.0,47.0
3650.0,47.0
3660.0,48.0
3670.0,48.0
3680.0,48.0
3690.0,48.0
3700.0,49.0
3710.0,49.0
3720.0,50.0
3730.0,50.0
3740.0,50.0
3750.0,50.0
3760.0,50.0
3770.0,50.0
3780.0,49.0
3790.0,49.0
3800.0,50.0
3810.0,50.0
3820.0,49.0
3830.0,48.0
3840.0,45.0
3850.0,44.0
3860.0,44.0
3870.0,44.0
3880.0,45.0
3890.0,45.0
3900.0,46.0
3910.0,46.0
3920.0,46.0
3930.0,46.0
3940.0,47.0
3950.0,47.0
3960.0,47.0
3970.0,48.0
3980.0,48.0
3990.0,47.0
4000.0,48.0
4010.0,48.0
4020.0,48.0
4030.0,49.0
4040.0,49.0
4050.0,49.0
4060.0,49.0
4070.0,49.0
4080.0,47.0
4090.0,48.0
4100.0,48.0
4110.0,48.0
4120.0,49.0
4130.0,49.0
4140.0,50.0
4150.0,50.0
4160.0,50.0
4170.0,50.0
4180.0,49.0
4190.0,49.0
4200.0,50.0
4210.0,50.0
4220.0,50.0
4230.0,50.0
4240.0,50.0
4250.0,50.0
4260.0,50.0
4270.0,50.0
4280.0,50.0
4290.0,50.0
4300.0,50.0
4310.0,49.0
4320.0,49.0
4330.0,49.0
4340.0,50.0
4350.0,50.0
4360.0,50.0
4370.0,50.0
4380.0,50.0
4390.0,50.0
4400.0,50.0
4410.0,50.0
4420.0,50.0
4430.0,50.0
4440.0,50.0
4450.0,50.0
4460.0,50.0
4470.0,50.0
4480.0,50.0
4490.0,50.0
4500.0,50.0
4510.0,50.0
4520.0,50.0
4530.0,47.0
4540.0,46.0
4550.0,46.0
4560.0,36.0
4570.0,36.0
4580.0,35.0
4590.0,36.0
4600.0,36.0
4610.0,36.0
4620.0,31.0
4630.0,24.0
4640.0,20.0
4650.0,8.0
4660.0,8.0
4670.0,8.0
4680.0,9.0
4690.0,9.0
4700.0,9.0
4710.0,9.0
4720.0,9.0
4730.0,10.0
4740.0,10.0
4750.0,10.0
4760.0,11.0
4770.0,11.0
4780.0,11.0
4790.0,12.0
4800.0,12.0
4810.0,13.0
4820.0,13.0
4830.0,13.0
4840.0,14.0
4850.0,14.0
4860.0,14.0
4870.0,15.0
4880.0,15.0
4890.0,16.0
4900.0,16.0
4910.0,16.0
4920.0,17.0
4930.0,16.0
4940.0,15.0
4950.0,13.0
4960.0,11.0
4970.0,11.0
4980.0,11.0
4990.0,11.0
5000.0,12.0
5010.0,12.0
5020.0,12.0
5030.0,13.0
5040.0,13.0
5050.0,14.0
5060.0,14.0
5070.0,14.0
5080.0,15.0
5090.0,15.0
5100.0,14.0
5110.0,13.0
5120.0,14.0
5130.0,14.0
5140.0,15.0
5150.0,15.0
5160.0,15.0
5170.0,16.0
5180.0,16.0
5190.0,16.0
5200.0,17.0
5210.0,16.0
5220.0,10.0
5230.0,10.0
5240.0,10.0
5250.0,11.0
5260.0,11.0
5270.0,11.0
5280.0,12.0
5290.0,12.0
5300.0,12.0
5310.0,13.0
5320.0,13.0
5330.0,14.0
5340.0,14.0
5350.0,14.0
5360.0,15.0
5370.0,15.0
5380.0,15.0
5390.0,16.0
5400.0,16.0
5410.0,17.0
5420.0,17.0
5430.0,17.0
5440.0,18.0
5450.0,18.0
5460.0,18.0
5470.0,19.0
5480.0,19.0
5490.0,19.0
5500.0,20.0
5510.0,20.0
5520.0,20.0
5530.0,21.0
5540.0,21.0
5550.0,21.0
5560.0,19.0
5570.0,19.0
5580.0,19.0
5590.0,20.0
5600.0,20.0
5610.0,20.0
5620.0,21.0
5630.0,21.0
5640.0,21.0
5650.0,22.0
5660.0,22.0
5670.0,22.0
5680.0,23.0
5690.0,23.0
5700.0,23.0
5710.0,24.0
5720.0,24.0
5730.0,24.0
5740.0,25.0
5750.0,25.0
5760.0,25.0
5770.0,26.0
5780.0,26.0
5790.0,26.0
5800.0,27.0
5810.0,27.0
5820.0,27.0
5830.0,28.0
5840.0,28.0
5850.0,28.0
5860.0,29.0
5870.0,29.0
5880.0,29.0
5890.0,29.0
5900.0,29.0
5910.0,29.0
5920.0,30.0
5930.0,30.0
5940.0,30.0
5950.0,30.0
5960.0,30.0
5970.0,30.0
5980.0,31.0
5990.0,31.0
6000.0,31.0
6010.0,32.0
6020.0,32.0
6030.0,32.0
6040.0,32.0
6050.0,33.0
6060.0,33.0
6070.0,33.0
6080.0,34.0
6090.0,34.0
6100.0,34.0
6110.0,35.0
6120.0,35.0
6130.0,35.0
6140.0,36.0
6150.0,36.0
6160.0,36.0
6170.0,37.0
6180.0,37.0
6190.0,37.0
6200.0,38.0
6210.0,38.0
6220.0,38.0
6230.0,39.0
6240.0,38.0
6250.0,38.0
6260.0,39.0
6270.0,39.0
6280.0,39.0
6290.0,40.0
6300.0,40.0
6310.0,40.0
6320.0,41.0
6330.0,39.0
6340.0,39.0
6350.0,40.0
6360.0,40.0
6370.0,40.0
6380.0,41.0
6390.0,41.0
6400.0,41.0
6410.0,42.0
6420.0,42.0
6430.0,42.0
6440.0,43.0
6450.0,43.0
6460.0,43.0
6470.0,44.0
6480.0,44.0
6490.0,44.0
6500.0,45.0
6510.0,45.0
6520.0,45.0
6530.0,46.0
6540.0,46.0
6550.0,46.0
6560.0,46.0
6570.0,47.0
6580.0,47.0
6590.0,47.0
6600.0,48.0
6610.0,48.0
6620.0,48.0
6630.0,48.0
6640.0,49.0
6650.0,49.0
6660.0,49.0
6670.0,50.0
6680.0,50.0
6690.0,50.0
6700.0,50.0
6710.0,50.0
6720.0,50.0
6730.0,50.0
6740.0,50.0
6750.0,50.0
6760.0,50.0
6770.0,50.0
6780.0,50.0
6790.0,50.0
6800.0,50.0
6810.0,50.0
6820.0,50.0
6830.0,50.0
6840.0,50.0
6850.0,50.0
6860.0,50.0
6870.0,50.0
6880.0,50.0
6890.0,50.0
6900.0,50.0
6910.0,50.0
6920.0,50.0
6930.0,50.0
6940.0,50.0
6950.0,50.0
6960.0,50.0
6970.0,50.0
6980.0,50.0
6990.0,50.0
7000.0,50.0
7010.0,50.0
7020.0,50.0
7030.0,50.0
7040.0,50.0
7050.0,50.0
7060.0,50.0
7070.0,50.0
7080.0,50.0
7090.0,50.0
7100.0,50.0
7110.0,50.0
7120.0,50.0
7130.0,50.0
7140.0,50.0
7150.0,50.0
7160.0,50.0
7170.0,50.0
7180.0,50.0
7190.0,50.0
7200.0,50.0
7210.0,50.0
7220.0,50.0
7230.0,50.0
7240.0,50.0
7250.0,50.0
7260.0,50.0
7270.0,50.0
7280.0,50.0
7290.0,50.0
7300.0,50.0
7310.0,50.0
7320.0,50.0
7330.0,50.0
7340.0,50.0
7350.0,50.0
7360.0,50.0
7370.0,49.0
7380.0,49.0
7390.0,49.0
7400.0,50.0
7410.0,50.0
7420.0,50.0
7430.0,50.0
7440.0,50.0
7450.0,50.0
7460.0,50.0
7470.0,50.0
7480.0,50.0
7490.0,50.0
7500.0,50.0
7510.0,50.0
7520.0,50.0
7530.0,50.0
7540.0,50.0
7550.0,50.0
7560.0,50.0
7570.0,50.0
7580.0,50.0
7590.0,50.0
7600.0,48.0
7610.0,48.0
7620.0,48.0
7630.0,48.0
7640.0,48.0
7650.0,49.0
7660.0,49.0
7670.0,49.0
7680.0,50.0
7690.0,50.0
7700.0,50.0
7710.0,50.0
7720.0,50.0
7730.0,50.0
7740.0,50.0
7750.0,50.0
7760.0,50.0
7770.0,50.0
7780.0,50.0
7790.0,50.0
7800.0,50.0
7810.0,50.0
7820.0,50.0
7830.0,50.0
7840.0,50.0
7850.0,50.0
7860.0,49.0
7870.0,49.0
7880.0,50.0
7890.0,50.0
7900.0,50.0
7910.0,50.0
7920.0,50.0
7930.0,50.0
7940.0,50.0
7950.0,50.0
7960.0,50.0
7970.0,50.0
7980.0,50.0
7990.0,50.0
8000.0,50.0
8010.0,50.0
8020.0,50.0
8030.0,50.0
8040.0,50.0
8050.0,50.0
8060.0,50.0
8070.0,50.0
8080.0,50.0
8090.0,50.0
8100.0,50.0
8110.0,50.0
8120.0,50.0
8130.0,50.0
8140.0,50.0
8150.0,50.0
8160.0,50.0
8170.0,50.0
8180.0,50.0
8190.0,50.0
8200.0,49.0
8210.0,49.0
8220.0,50.0
8230.0,50.0
8240.0,50.0
8250.0,50.0
8260.0,50.0
8270.0,49.0
8280.0,49.0
8290.0,50.0
8300.0,50.0
8310.0,50.0
8320.0,50.0
8330.0,50.0
8340.0,50.0
8350.0,50.0
8360.0,50.0
8370.0,50.0
8380.0,50.0
8390.0,50.0
8400.0,50.0
8410.0,50.0
8420.0,50.0
8430.0,50.0
8440.0,50.0
8450.0,50.0
8460.0,50.0
8470.0,50.0
8480.0,50.0
8490.0,50.0
8500.0,50.0
8510.0,50.0
8520.0,50.0
8530.0,50.0
8540.0,50.0
8550.0,50.0
8560.0,50.0
8570.0,50.0
8580.0,49.0
8590.0,49.0
8600.0,49.0
8610.0,50.0
8620.0,50.0
8630.0,50.0
8640.0,50.0
8650.0,50.0
8660.0,50.0
8670.0,50.0
8680.0,50.0
8690.0,50.0
8700.0,50.0
8710.0,50.0
8720.0,50.0
8730.0,50.0
8740.0,50.0
8750.0,50.0
8760.0,50.0
8770.0,50.0
8780.0,50.0
8790.0,50.0
8800.0,50.0
8810.0,50.0
8820.0,50.0
8830.0,50.0
8840.0,50.0
8850.0,50.0
8860.0,50.0
8870.0,50.0
8880.0,50.0
8890.0,50.0
8900.0,50.0
8910.0,50.0
8920.0,50.0
8930.0,50.0
8940.0,50.0
8950.0,50.0
8960.0,50.0
8970.0,50.0
8980.0,40.0
8990.0,39.0
9000.0,40.0
9010.0,36.0
9020.0,36.0
9030.0,36.0
9040.0,37.0
9050.0,37.0
9060.0,38.0
9070.0,38.0
9080.0,38.0
9090.0,38.0
9100.0,39.0
9110.0,39.0
9120.0,39.0
9130.0,40.0
9140.0,40.0
9150.0,40.0
9160.0,41.0
9170.0,41.0
9180.0,41.0
9190.0,42.0
9200.0,42.0
9210.0,42.0
9220.0,43.0
9230.0,43.0
9240.0,43.0
9250.0,44.0
9260.0,44.0
9270.0,44.0
9280.0,45.0
9290.0,45.0
9300.0,45.0
9310.0,46.0
9320.0,45.0
9330.0,45.0
9340.0,46.0
9350.0,46.0
9360.0,46.0
9370.0,47.0
9380.0,47.0
9390.0,47.0
9400.0,48.0
9410.0,48.0
9420.0,48.0
9430.0,49.0
9440.0,49.0
9450.0,49.0
9460.0,50.0
9470.0,50.0
9480.0,50.0
9490.0,50.0
9500.0,50.0
9510.0,50.0
9520.0,50.0
9530.0,50.0
9540.0,50.0
9550.0,50.0
9560.0,50.0
9570.0,50.0
9580.0,50.0
9590.0,50.0
9600.0,50.0
9610.0,49.0
9620.0,45.0
9630.0,46.0
9640.0,46.0
9650.0,46.0
9660.0,46.0
9670.0,47.0
9680.0,47.0
9690.0,47.0
9700.0,47.0
9710.0,47.0
9720.0,47.0
9730.0,48.0
9740.0,48.0
9750.0,48.0
9760.0,49.0
9770.0,49.0
9780.0,49.0
9790.0,49.0
9800.0,50.0
9810.0,50.0
9820.0,50.0
9830.0,50.0
9840.0,50.0
9850.0,50.0
9860.0,50.0
9870.0,50.0
9880.0,50.0
9890.0,49.0
9900.0,49.0
9910.0,50.0
9920.0,50.0
9930.0,50.0
9940.0,50.0
9950.0,50.0
9960.0,50.0
9970.0,50.0
9980.0,50.0
9990.0,50.0
10000.0,50.0
10010.0,50.0
10020.0,50.0
10030.0,50.0
10040.0,50.0
10050.0,50.0
10060.0,50.0
10070.0,50.0
10080.0,50.0
10090.0,50.0
10100.0,50.0
10110.0,50.0
10120.0,50.0
10130.0,50.0
10140.0,50.0
10150.0,50.0
10160.0,50.0
10170.0,50.0
10180.0,50.0
10190.0,50.0
10200.0,50.0
10210.0,50.0
10220.0,50.0
10230.0,50.0
10240.0,50.0
10250.0,50.0
10260.0,50.0
10270.0,50.0
10280.0,50.0
10290.0,50.0
10300.0,49.0
10310.0,49.0
10320.0,49.0
10330.0,50.0
10340.0,50.0
10350.0,50.0
10360.0,50.0
10370.0,50.0
10380.0,50.0
10390.0,50.0
10400.0,50.0
10410.0,50.0
10420.0,50.0
10430.0,50.0
10440.0,50.0
10450.0,50.0
10460.0,50.0
10470.0,50.0
10480.0,50.0
10490.0,50.0
10500.0,50.0
10510.0,50.0
10520.0,49.0
10530.0,49.0
10540.0,49.0
10550.0,50.0
10560.0,50.0
10570.0,50.0
10580.0,50.0
10590.0,50.0
10600.0,50.0
10610.0,50.0
10620.0,50.0
10630.0,50.0
10640.0,50.0
10650.0,50.0
10660.0,50.0
10670.0,50.0
10680.0,50.0
10690.0,50.0
10700.0,50.0
10710.0,50.0
10720.0,50.0
10730.0,50.0
10740.0,50.0
10750.0,50.0
10760.0,50.0
10770.0,50.0
10780.0,50.0
10790.0,50.0
10800.0,50.0
10810.0,50.0
10820.0,50.0
10830.0,50.0
10840.0,50.0
10850.0,50.0
10860.0,50.0
10870.0,50.0
10880.0,50.0
10890.0,50.0
10900.0,50.0
10910.0,50.0
10920.0,50.0
10930.0,50.0
10940.0,50.0
10950.0,50.0
10960.0,50.0
10970.0,50.0
10980.0,50.0
10990.0,50.0
11000.0,50.0
11010.0,50.0
11020.0,50.0
11030.0,50.0
11040.0,50.0
11050.0,50.0
11060.0,50.0
11070.0,49.0
11080.0,49.0
11090.0,49.0
11100.0,50.0
11110.0,50.0
11120.0,50.0
11130.0,50.0
11140.0,50.0
11150.0,50.0
11160.0,50.0
11170.0,50.0
11180.0,50.0
11190.0,50.0
11200.0,50.0
11210.0,50.0
11220.0,50.0
11230.0,50.0
11240.0,50.0
11250.0,50.0
11260.0,50.0
11270.0,50.0
11280.0,50.0
11290.0,50.0
11300.0,50.0
11310.0,50.0
11320.0,50.0
11330.0,50.0
11340.0,50.0
11350.0,50.0
11360.0,50.0
11370.0,50.0
11380.0,50.0
11390.0,50.0
11400.0,50.0
11410.0,50.0
11420.0,50.0
11430.0,50.0
11440.0,50.0
11450.0,50.0
11460.0,50.0
11470.0,50.0
11480.0,50.0
11490.0,50.0
11500.0,50.0
11510.0,43.0
11520.0,39.0
11530.0,33.0
11540.0,32.0
11550.0,32.0
11560.0,33.0
11570.0,33.0
11580.0,33.0
11590.0,34.0
11600.0,34.0
11610.0,34.0
11620.0,35.0
11630.0,35.0
11640.0,35.0
11650.0,36.0
11660.0,36.0
11670.0,36.0
11680.0,37.0
11690.0,37.0
11700.0,37.0
11710.0,38.0
11720.0,38.0
11730.0,38.0
11740.0,39.0
11750.0,39.0
11760.0,39.0
11770.0,40.0
11780.0,40.0
11790.0,40.0
11800.0,41.0
11810.0,41.0
11820.0,41.0
11830.0,42.0
11840.0,42.0
11850.0,42.0
11860.0,43.0
11870.0,43.0
11880.0,43.0
11890.0,44.0
11900.0,44.0
11910.0,44.0
11920.0,45.0
11930.0,45.0
11940.0,45.0
11950.0,46.0
11960.0,46.0
11970.0,46.0
11980.0,47.0
11990.0,47.0
12000.0,47.0
12010.0,48.0
12020.0,48.0
12030.0,48.0
12040.0,49.0
12050.0,49.0
12060.0,49.0
12070.0,49.0
12080.0,50.0
12090.0,50.0
12100.0,50.0
12110.0,50.0
12120.0,50.0
12130.0,50.0
12140.0,50.0
12150.0,50.0
12160.0,50.0
12170.0,50.0
12180.0,50.0
12190.0,50.0
12200.0,50.0
12210.0,50.0
12220.0,50.0
12230.0,50.0
12240.0,50.0
12250.0,50.0
12260.0,50.0
12270.0,50.0
12280.0,50.0
12290.0,49.0
12300.0,49.0
12310.0,49.0
12320.0,50.0
12330.0,50.0
12340.0,50.0
12350.0,50.0
12360.0,50.0
12370.0,50.0
12380.0,50.0
12390.0,50.0
12400.0,50.0
12410.0,50.0
12420.0,50.0
12430.0,50.0
12440.0,49.0
12450.0,49.0
12460.0,49.0
12470.0,50.0
12480.0,50.0
12490.0,50.0
12500.0,50.0
12510.0,50.0
12520.0,50.0
12530.0,50.0
12540.0,50.0
12550.0,50.0
12560.0,50.0
12570.0,50.0
12580.0,50.0
12590.0,50.0
12600.0,50.0
12610.0,50.0
12620.0,50.0
12630.0,50.0
12640.0,50.0
12650.0,50.0
12660.0,50.0
12670.0,49.0
12680.0,49.0
12690.0,50.0
12700.0,50.0
12710.0,50.0
12720.0,50.0
12730.0,50.0
12740.0,50.0
12750.0,50.0
12760.0,50.0
12770.0,50.0
12780.0,50.0
12790.0,50.0
12800.0,50.0
12810.0,50.0
12820.0,50.0
12830.0,50.0
12840.0,50.0
12850.0,50.0
12860.0,50.0
12870.0,50.0
12880.0,50.0
12890.0,50.0
12900.0,50.0
12910.0,50.0
12920.0,50.0
12930.0,50.0
12940.0,50.0
12950.0,50.0
12960.0,50.0
12970.0,50.0
12980.0,50.0
12990.0,50.0
13000.0,50.0
13010.0,50.0
13020.0,50.0
13030.0,50.0
13040.0,50.0
13050.0,50.0
13060.0,35.0
13070.0,29.0
13080.0,27.0
13090.0,26.0
13100.0,26.0
13110.0,27.0
13120.0,27.0
13130.0,27.0
13140.0,28.0
13150.0,28.0
13160.0,28.0
13170.0,29.0
13180.0,29.0
13190.0,29.0
13200.0,30.0
13210.0,30.0
13220.0,30.0
13230.0,31.0
13240.0,31.0
13250.0,31.0
13260.0,32.0
13270.0,32.0
13280.0,32.0
13290.0,33.0
13300.0,33.0
13310.0,33.0
13320.0,34.0
13330.0,34.0
13340.0,34.0
13350.0,35.0
13360.0,35.0
13370.0,35.0
13380.0,36.0
13390.0,35.0
13400.0,35.0
13410.0,36.0
13420.0,36.0
13430.0,36.0
13440.0,37.0
13450.0,37.0
13460.0,37.0
13470.0,37.0
13480.0,38.0
13490.0,38.0
13500.0,38.0
13510.0,39.0
13520.0,39.0
13530.0,39.0
13540.0,40.0
13550.0,40.0
13560.0,40.0
13570.0,41.0
13580.0,41.0
13590.0,41.0
13600.0,42.0
13610.0,42.0
13620.0,42.0
13630.0,43.0
13640.0,43.0
13650.0,43.0
13660.0,44.0
13670.0,43.0
13680.0,43.0
13690.0,44.0
13700.0,44.0
13710.0,44.0
13720.0,45.0
13730.0,45.0
13740.0,45.0
13750.0,46.0
13760.0,45.0
13770.0,45.0
13780.0,46.0
13790.0,46.0
13800.0,46.0
13810.0,47.0
13820.0,47.0
13830.0,47.0
13840.0,48.0
13850.0,48.0
13860.0,48.0
13870.0,49.0
13880.0,49.0
13890.0,49.0
13900.0,50.0
13910.0,50.0
13920.0,50.0
13930.0,50.0
13940.0,50.0
13950.0,50.0
13960.0,50.0
13970.0,50.0
13980.0,50.0
13990.0,50.0
14000.0,50.0
14010.0,50.0
14020.0,50.0
14030.0,50.0
14040.0,50.0
14050.0,50.0
14060.0,50.0
14070.0,50.0
14080.0,50.0
14090.0,50.0
14100.0,50.0
14110.0,50.0
14120.0,50.0
14130.0,50.0
14140.0,50.0
14150.0,50.0
14160.0,50.0
14170.0,50.0
14180.0,50.0
14190.0,50.0
14200.0,50.0
14210.0,50.0
14220.0,50.0
14230.0,50.0
14240.0,50.0
14250.0,50.0
14260.0,50.0
14270.0,50.0
14280.0,50.0
14290.0,50.0
14300.0,50.0
14310.0,50.0
14320.0,50.0
14330.0,50.0
14340.0,50.0
14350.0,50.0
14360.0,50.0
14370.0,50.0
14380.0,50.0
14390.0,50.0
14400.0,50.0
14410.0,50.0
14420.0,50.0
14430.0,50.0
14440.0,50.0
14450.0,50.0
14460.0,50.0
14470.0,50.0
14480.0,50.0
14490.0,50.0
14500.0,50.0
14510.0,50.0
14520.0,50.0
14530.0,50.0
14540.0,50.0
14550.0,50.0
14560.0,50.0
14570.0,50.0
14580.0,50.0
14590.0,50.0
14600.0,50.0
14610.0,50.0
14620.0,50.0
14630.0,50.0
14640.0,50.0
14650.0,50.0
14660.0,50.0
14670.0,50.0
14680.0,50.0
14690.0,50.0
14700.0,50.0
14710.0,50.0
14720.0,50.0
14730.0,50.0
14740.0,50.0
14750.0,50.0
14760.0,50.0
14770.0,50.0
14780.0,50.0
14790.0,50.0
14800.0,49.0
14810.0,49.0
14820.0,50.0
14830.0,50.0
14840.0,50.0
14850.0,50.0
14860.0,50.0
14870.0,50.0
14880.0,50.0
14890.0,50.0
14900.0,50.0
14910.0,50.0
14920.0,50.0
14930.0,50.0
14940.0,50.0
14950.0,50.0
14960.0,50.0
14970.0,50.0
14980.0,50.0
14990.0,50.0
15000.0,50.0
15010.0,50.0
15020.0,50.0
15030.0,50.0
15040.0,50.0
15050.0,50.0
15060.0,50.0
15070.0,50.0
15080.0,50.0
15090.0,50.0
15100.0,50.0
15110.0,50.0
15120.0,50.0
15130.0,50.0
15140.0,50.0
15150.0,50.0
15160.0,50.0
15170.0,50.0
15180.0,50.0
15190.0,50.0
15200.0,50.0
15210.0,50.0
15220.0,50.0
15230.0,49.0
15240.0,49.0
15250.0,49.0
15260.0,49.0
15270.0,49.0
15280.0,49.0
15290.0,50.0
15300.0,50.0
15310.0,50.0
15320.0,50.0
15330.0,50.0
15340.0,50.0
15350.0,50.0
15360.0,50.0
15370.0,50.0
15380.0,50.0
15390.0,50.0
15400.0,50.0
15410.0,50.0
15420.0,49.0
15430.0,49.0
15440.0,50.0
15450.0,50.0
15460.0,50.0
15470.0,50.0
15480.0,50.0
15490.0,50.0
15500.0,50.0
15510.0,50.0
15520.0,50.0
15530.0,50.0
15540.0,50.0
15550.0,50.0
15560.0,50.0
15570.0,50.0
15580.0,50.0
15590.0,50.0
15600.0,50.0
15610.0,50.0
15620.0,50.0
15630.0,50.0
15640.0,50.0
15650.0,50.0
15660.0,49.0
15670.0,49.0
15680.0,49.0
15690.0,50.0
15700.0,50.0
15710.0,50.0
15720.0,50.0
15730.0,50.0
15740.0,50.0
15750.0,50.0
15760.0,50.0
15770.0,50.0
15780.0,50.0
15790.0,50.0
15800.0,50.0
15810.0,50.0
15820.0,50.0
15830.0,50.0
15840.0,50.0
15850.0,50.0
15860.0,50.0
15870.0,50.0
15880.0,49.0
15890.0,49.0
15900.0,50.0
15910.0,50.0
15920.0,50.0
15930.0,50.0
15940.0,50.0
15950.0,50.0
15960.0,50.0
15970.0,50.0
15980.0,49.0
15990.0,49.0
16000.0,50.0
16010.0,50.0
16020.0,50.0
16030.0,50.0
16040.0,50.0
16050.0,50.0
16060.0,50.0
16070.0,50.0
16080.0,50.0
16090.0,50.0
16100.0,50.0
16110.0,50.0
16120.0,50.0
16130.0,50.0
16140.0,50.0
16150.0,50.0
16160.0,50.0
16170.0,50.0
16180.0,50.0
16190.0,50.0
16200.0,50.0
16210.0,50.0
16220.0,50.0
16230.0,50.0
16240.0,50.0
16250.0,50.0
16260.0,50.0
16270.0,50.0
16280.0,49.0
16290.0,49.0
16300.0,50.0
16310.0,50.0
16320.0,50.0
16330.0,50.0
16340.0,50.0
16350.0,50.0
16360.0,50.0
16370.0,50.0
16380.0,50.0
16390.0,50.0
16400.0,50.0
16410.0,50.0
16420.0,50.0
16430.0,50.0
16440.0,50.0
16450.0,50.0
16460.0,50.0
16470.0,50.0
16480.0,50.0
16490.0,50.0
16500.0,50.0
16510.0,49.0
16520.0,49.0
16530.0,49.0
16540.0,50.0
16550.0,50.0
16560.0,50.0
16570.0,50.0
16580.0,50.0
16590.0,50.0
16600.0,50.0
16610.0,50.0
16620.0,50.0
16630.0,50.0
16640.0,50.0
16650.0,50.0
16660.0,50.0
16670.0,50.0
16680.0,50.0
16690.0,50.0
16700.0,50.0
16710.0,50.0
16720.0,50.0
16730.0,50.0
16740.0,50.0
16750.0,50.0
16760.0,50.0
16770.0,50.0
16780.0,50.0
16790.0,50.0
16800.0,50.0
16810.0,50.0
16820.0,50.0
16830.0,50.0
16840.0,50.0
16850.0,50.0
16860.0,50.0
16870.0,50.0
16880.0,49.0
16890.0,49.0
16900.0,50.0
16910.0,50.0
16920.0,50.0
16930.0,50.0
16940.0,50.0
16950.0,50.0
16960.0,50.0
16970.0,50.0
16980.0,50.0
16990.0,49.0
17000.0,49.0
17010.0,50.0
17020.0,50.0
17030.0,50.0
17040.0,50.0
17050.0,50.0
17060.0,50.0
17070.0,50.0
17080.0,50.0
17090.0,50.0
17100.0,50.0
17110.0,50.0
17120.0,50.0
17130.0,50.0
17140.0,50.0
17150.0,50.0
17160.0,50.0
17170.0,50.0
17180.0,50.0
17190.0,50.0
17200.0,50.0
17210.0,50.0
17220.0,50.0
17230.0,50.0
17240.0,50.0
17250.0,49.0
17260.0,49.0
17270.0,49.0
17280.0,50.0
17290.0,50.0
17300.0,50.0
17310.0,50.0
17320.0,50.0
17330.0,50.0
17340.0,50.0
17350.0,50.0
17360.0,50.0
17370.0,50.0
17380.0,50.0
17390.0,50.0
17400.0,50.0
17410.0,50.0
17420.0,50.0
17430.0,50.0
17440.0,50.0
17450.0,50.0
17460.0,49.0
17470.0,49.0
17480.0,50.0
17490.0,50.0
17500.0,50.0
17510.0,50.0
17520.0,50.0
17530.0,50.0
17540.0,50.0
17550.0,50.0
17560.0,50.0
17570.0,50.0
17580.0,50.0
17590.0,50.0
17600.0,50.0
17610.0,50.0
17620.0,50.0
17630.0,50.0
17640.0,50.0
17650.0,50.0
17660.0,50.0
17670.0,50.0
17680.0,50.0
17690.0,50.0
17700.0,50.0
17710.0,50.0
17720.0,50.0
17730.0,50.0
17740.0,50.0
17750.0,50.0
17760.0,50.0
17770.0,50.0
17780.0,50.0
17790.0,50.0
17800.0,50.0
17810.0,50.0
17820.0,50.0
17830.0,50.0
17840.0,50.0
17850.0,50.0
17860.0,50.0
17870.0,50.0
17880.0,50.0
17890.0,50.0
17900.0,50.0
17910.0,50.0
17920.0,50.0
17930.0,50.0
17940.0,50.0
17950.0,50.0
17960.0,50.0
17970.0,49.0
17980.0,49.0
17990.0,49.0
18000.0,50.0
18010.0,50.0
18020.0,50.0
18030.0,50.0
18040.0,50.0
18050.0,50.0
18060.0,50.0
18070.0,50.0
18080.0,50.0
18090.0,50.0
18100.0,50.0
18110.0,50.0
18120.0,50.0
18130.0,49.0
18140.0,49.0
18150.0,50.0
18160.0,50.0
18170.0,50.0
18180.0,50.0
18190.0,50.0
18200.0,50.0
18210.0,49.0
18220.0,49.0
18230.0,50.0
18240.0,50.0
18250.0,50.0
18260.0,50.0
18270.0,50.0
18280.0,50.0
18290.0,50.0
18300.0,50.0
18310.0,50.0
18320.0,50.0
18330.0,50.0
18340.0,50.0
18350.0,50.0
18360.0,50.0
18370.0,50.0
18380.0,50.0
18390.0,50.0
18400.0,50.0
18410.0,50.0
18420.0,50.0
18430.0,50.0
18440.0,50.0
18450.0,50.0
18460.0,50.0
18470.0,50.0
18480.0,50.0
18490.0,50.0
18500.0,50.0
18510.0,50.0
18520.0,50.0
18530.0,50.0
18540.0,50.0
18550.0,50.0
18560.0,50.0
18570.0,50.0
18580.0,50.0
18590.0,50.0
18600.0,50.0
18610.0,49.0
18620.0,49.0
18630.0,50.0
18640.0,50.0
18650.0,50.0
18660.0,50.0
18670.0,50.0
18680.0,50.0
18690.0,50.0
18700.0,50.0
18710.0,50.0
18720.0,50.0
18730.0,50.0
18740.0,50.0
18750.0,50.0
18760.0,50.0
18770.0,50.0
18780.0,50.0
18790.0,50.0
18800.0,50.0
18810.0,50.0
18820.0,50.0
18830.0,50.0
18840.0,50.0
18850.0,50.0
18860.0,50.0
18870.0,50.0
18880.0,50.0
18890.0,50.0
18900.0,50.0
18910.0,50.0
18920.0,50.0
18930.0,50.0
18940.0,50.0
18950.0,50.0
18960.0,50.0
18970.0,49.0
18980.0,49.0
18990.0,50.0
19000.0,50.0
19010.0,50.0
19020.0,50.0
19030.0,50.0
19040.0,50.0
19050.0,50.0
19060.0,50.0
19070.0,50.0
19080.0,49.0
19090.0,49.0
19100.0,49.0
19110.0,50.0
19120.0,50.0
19130.0,50.0
19140.0,50.0
19150.0,50.0
19160.0,50.0
19170.0,50.0
19180.0,50.0
19190.0,49.0
19200.0,49.0
19210.0,49.0
19220.0,49.0
19230.0,49.0
19240.0,49.0
19250.0,50.0
19260.0,50.0
19270.0,50.0
19280.0,50.0
19290.0,50.0
19300.0,50.0
19310.0,50.0
19320.0,50.0
19330.0,44.0
19340.0,40.0
19350.0,33.0
19360.0,29.0
19370.0,29.0
19380.0,30.0
19390.0,30.0
19400.0,30.0
19410.0,31.0
19420.0,30.0
19430.0,30.0
19440.0,31.0
19450.0,31.0
19460.0,31.0
19470.0,32.0
19480.0,32.0
19490.0,32.0
19500.0,33.0
19510.0,33.0
19520.0,33.0
19530.0,34.0
19540.0,34.0
19550.0,34.0
19560.0,35.0
19570.0,35.0
19580.0,35.0
19590.0,36.0
19600.0,36.0
19610.0,36.0
19620.0,36.0
19630.0,36.0
19640.0,36.0
19650.0,36.0
19660.0,37.0
19670.0,37.0
19680.0,37.0
19690.0,38.0
19700.0,38.0
19710.0,38.0
19720.0,39.0
19730.0,39.0
19740.0,39.0
19750.0,40.0
19760.0,40.0
19770.0,40.0
19780.0,41.0
19790.0,41.0
19800.0,41.0
19810.0,41.0
19820.0,41.0
19830.0,41.0
19840.0,42.0
19850.0,42.0
19860.0,42.0
19870.0,42.0
19880.0,42.0
19890.0,42.0
19900.0,43.0
19910.0,43.0
19920.0,43.0
19930.0,44.0
19940.0,44.0
19950.0,44.0
19960.0,45.0
19970.0,45.0
19980.0,44.0
19990.0,45.0
20000.0,45.0
20010.0,45.0
20020.0,46.0
20030.0,46.0
20040.0,46.0
20050.0,47.0
20060.0,46.0
20070.0,46.0
20080.0,45.0
20090.0,46.0
20100.0,46.0
20110.0,46.0
20120.0,47.0
20130.0,47.0
20140.0,47.0
20150.0,47.0
20160.0,48.0
20170.0,48.0
20180.0,48.0
20190.0,49.0
20200.0,49.0
20210.0,49.0
20220.0,49.0
20230.0,50.0
20240.0,50.0
20250.0,49.0
20260.0,49.0
20270.0,49.0
20280.0,50.0
20290.0,50.0
20300.0,50.0
20310.0,50.0
20320.0,50.0
20330.0,50.0
20340.0,50.0
20350.0,50.0
20360.0,50.0
20370.0,50.0
20380.0,50.0
20390.0,50.0
20400.0,50.0
20410.0,50.0
20420.0,50.0
20430.0,50.0
20440.0,50.0
20450.0,50.0
20460.0,50.0
20470.0,49.0
20480.0,49.0
20490.0,49.0
20500.0,50.0
20510.0,50.0
20520.0,50.0
20530.0,50.0
20540.0,50.0
20550.0,50.0
20560.0,48.0
20570.0,46.0
20580.0,38.0
20590.0,33.0
20600.0,32.0
20610.0,33.0
20620.0,33.0
20630.0,33.0
20640.0,34.0
20650.0,34.0
20660.0,34.0
20670.0,35.0
20680.0,35.0
20690.0,35.0
20700.0,36.0
20710.0,36.0
20720.0,35.0
20730.0,36.0
20740.0,36.0
20750.0,34.0
20760.0,28.0
20770.0,23.0
20780.0,23.0
20790.0,24.0
20800.0,24.0
20810.0,25.0
20820.0,25.0
20830.0,25.0
20840.0,26.0
20850.0,26.0
20860.0,26.0
20870.0,27.0
20880.0,27.0
20890.0,28.0
20900.0,28.0
20910.0,28.0
20920.0,29.0
20930.0,29.0
20940.0,29.0
20950.0,30.0
20960.0,30.0
20970.0,30.0
20980.0,31.0
20990.0,31.0
21000.0,31.0
21010.0,32.0
21020.0,32.0
21030.0,32.0
21040.0,33.0
21050.0,33.0
21060.0,33.0
21070.0,34.0
21080.0,34.0
21090.0,34.0
21100.0,35.0
21110.0,35.0
21120.0,35.0
21130.0,36.0
21140.0,36.0
21150.0,36.0
21160.0,37.0
21170.0,37.0
21180.0,37.0
21190.0,38.0
21200.0,38.0
21210.0,38.0
21220.0,39.0
21230.0,39.0
21240.0,39.0
21250.0,40.0
21260.0,40.0
21270.0,40.0
21280.0,41.0
21290.0,41.0
21300.0,41.0
21310.0,42.0
21320.0,42.0
21330.0,42.0
21340.0,42.0
21350.0,43.0
21360.0,43.0
21370.0,43.0
21380.0,43.0
21390.0,43.0
21400.0,43.0
21410.0,44.0
21420.0,44.0
21430.0,44.0
21440.0,45.0
21450.0,45.0
21460.0,45.0
21470.0,46.0
21480.0,46.0
21490.0,46.0
21500.0,47.0
21510.0,47.0
21520.0,47.0
21530.0,48.0
21540.0,48.0
21550.0,48.0
21560.0,49.0
21570.0,49.0
21580.0,49.0
21590.0,50.0
21600.0,50.0
21610.0,50.0
21620.0,50.0
21630.0,49.0
21640.0,49.0
21650.0,49.0
21660.0,50.0
21670.0,50.0
21680.0,49.0
21690.0,49.0
21700.0,50.0
21710.0,50.0
21720.0,50.0
21730.0,50.0
21740.0,50.0
21750.0,50.0
21760.0,50.0
21770.0,50.0
21780.0,50.0
21790.0,50.0
21800.0,50.0
21810.0,50.0
21820.0,50.0
21830.0,50.0
21840.0,50.0
21850.0,50.0
21860.0,50.0
21870.0,50.0
21880.0,50.0
21890.0,50.0
21900.0,50.0
21910.0,50.0
21920.0,50.0
21930.0,50.0
21940.0,50.0
21950.0,50.0
21960.0,50.0
21970.0,50.0
21980.0,50.0
21990.0,50.0
22000.0,50.0
22010.0,50.0
22020.0,50.0
22030.0,50.0
22040.0,50.0
22050.0,50.0
22060.0,50.0
22070.0,50.0
22080.0,50.0
22090.0,50.0
22100.0,50.0
22110.0,50.0
22120.0,50.0
22130.0,50.0
22140.0,50.0
22150.0,50.0
22160.0,50.0
22170.0,50.0
22180.0,50.0
22190.0,50.0
22200.0,50.0
22210.0,50.0
22220.0,50.0
22230.0,50.0
22240.0,50.0
22250.0,50.0
22260.0,50.0
22270.0,50.0
22280.0,50.0
22290.0,50.0
22300.0,50.0
22310.0,50.0
22320.0,50.0
22330.0,50.0
22340.0,50.0
22350.0,50.0
22360.0,50.0
22370.0,50.0
22380.0,46.0
22390.0,46.0
22400.0,47.0
22410.0,47.0
22420.0,47.0
22430.0,48.0
22440.0,48.0
22450.0,48.0
22460.0,49.0
22470.0,49.0
22480.0,49.0
22490.0,44.0
22500.0,44.0
22510.0,34.0
22520.0,33.0
22530.0,33.0
22540.0,33.0
22550.0,34.0
22560.0,34.0
22570.0,34.0
22580.0,35.0
22590.0,35.0
22600.0,35.0
22610.0,36.0
22620.0,36.0
22630.0,35.0
22640.0,36.0
22650.0,36.0
22660.0,35.0
22670.0,36.0
22680.0,36.0
22690.0,36.0
22700.0,37.0
22710.0,37.0
22720.0,37.0
22730.0,38.0
22740.0,38.0
22750.0,38.0
22760.0,39.0
22770.0,39.0
22780.0,39.0
22790.0,40.0
22800.0,40.0
22810.0,40.0
22820.0,40.0
22830.0,41.0
22840.0,41.0
22850.0,41.0
22860.0,42.0
22870.0,42.0
22880.0,42.0
22890.0,43.0
22900.0,43.0
22910.0,43.0
22920.0,44.0
22930.0,44.0
22940.0,44.0
22950.0,45.0
22960.0,45.0
22970.0,45.0
22980.0,46.0
22990.0,46.0
23000.0,46.0
23010.0,47.0
23020.0,47.0
23030.0,47.0
23040.0,47.0
23050.0,47.0
23060.0,47.0
23070.0,48.0
23080.0,48.0
23090.0,48.0
23100.0,48.0
23110.0,49.0
23120.0,48.0
23130.0,48.0
23140.0,49.0
23150.0,49.0
23160.0,49.0
23170.0,49.0
23180.0,50.0
23190.0,50.0
23200.0,50.0
23210.0,50.0
23220.0,50.0
23230.0,50.0
23240.0,50.0
23250.0,50.0
23260.0,50.0
23270.0,50.0
23280.0,50.0
23290.0,50.0
23300.0,50.0
23310.0,49.0
23320.0,49.0
23330.0,49.0
23340.0,50.0
23350.0,50.0
23360.0,50.0
23370.0,49.0
23380.0,49.0
23390.0,50.0
23400.0,50.0
23410.0,50.0
23420.0,50.0
23430.0,50.0
23440.0,50.0
23450.0,50.0
23460.0,50.0
23470.0,50.0
23480.0,50.0
23490.0,50.0
23500.0,50.0
23510.0,50.0
23520.0,50.0
23530.0,50.0
23540.0,50.0
23550.0,50.0
23560.0,50.0
23570.0,50.0
23580.0,50.0
23590.0,50.0
23600.0,50.0
23610.0,50.0
23620.0,50.0
23630.0,50.0
23640.0,50.0
23650.0,50.0
23660.0,50.0
23670.0,50.0
23680.0,50.0
23690.0,50.0
23700.0,50.0
23710.0,50.0
23720.0,50.0
23730.0,50.0
23740.0,50.0
23750.0,50.0
23760.0,50.0
23770.0,50.0
23780.0,50.0
23790.0,50.0
23800.0,50.0
23810.0,49.0
23820.0,49.0
23830.0,49.0
23840.0,50.0
23850.0,50.0
23860.0,50.0
23870.0,50.0
23880.0,50.0
23890.0,50.0
23900.0,50.0
23910.0,50.0
23920.0,50.0
23930.0,50.0
23940.0,50.0
23950.0,50.0
23960.0,50.0
23970.0,50.0
23980.0,50.0
23990.0,50.0
24000.0,50.0
24010.0,50.0
24020.0,50.0
24030.0,50.0
24040.0,50.0
24050.0,50.0
24060.0,50.0
24070.0,50.0
24080.0,50.0
24090.0,50.0
24100.0,50.0
24110.0,50.0
24120.0,50.0
24130.0,49.0
24140.0,49.0
24150.0,49.0
24160.0,50.0
24170.0,50.0
24180.0,50.0
24190.0,50.0
24200.0,50.0
24210.0,50.0
24220.0,50.0
24230.0,50.0
24240.0,50.0
24250.0,50.0
24260.0,50.0
24270.0,50.0
24280.0,50.0
24290.0,50.0
24300.0,50.0
24310.0,50.0
24320.0,50.0
24330.0,50.0
24340.0,50.0
24350.0,50.0
24360.0,50.0
24370.0,50.0
24380.0,50.0
24390.0,49.0
24400.0,49.0
24410.0,50.0
24420.0,50.0
24430.0,50.0
24440.0,50.0
24450.0,50.0
24460.0,50.0
24470.0,50.0
24480.0,50.0
24490.0,50.0
24500.0,50.0
24510.0,50.0
24520.0,50.0
24530.0,50.0
24540.0,50.0
24550.0,50.0
24560.0,50.0
24570.0,49.0
24580.0,49.0
24590.0,50.0
24600.0,50.0
24610.0,50.0
24620.0,50.0
24630.0,50.0
24640.0,45.0
24650.0,35.0
24660.0,29.0
24670.0,28.0
24680.0,28.0
24690.0,28.0
24700.0,29.0
24710.0,29.0
24720.0,29.0
24730.0,30.0
24740.0,30.0
24750.0,30.0
24760.0,31.0
24770.0,31.0
24780.0,31.0
24790.0,32.0
24800.0,32.0
24810.0,32.0
24820.0,33.0
24830.0,33.0
24840.0,33.0
24850.0,34.0
24860.0,34.0
24870.0,34.0
24880.0,35.0
24890.0,35.0
24900.0,35.0
24910.0,36.0
24920.0,36.0
24930.0,36.0
24940.0,37.0
24950.0,37.0
24960.0,37.0
24970.0,38.0
24980.0,38.0
24990.0,38.0
25000.0,39.0
25010.0,39.0
25020.0,39.0
25030.0,40.0
25040.0,40.0
25050.0,40.0
25060.0,41.0
25070.0,41.0
25080.0,41.0
25090.0,42.0
25100.0,42.0
25110.0,42.0
25120.0,43.0
25130.0,43.0
25140.0,43.0
25150.0,44.0
25160.0,44.0
25170.0,44.0
25180.0,44.0
25190.0,44.0
25200.0,44.0
25210.0,45.0
25220.0,45.0
25230.0,45.0
25240.0,46.0
25250.0,46.0
25260.0,46.0
25270.0,47.0
25280.0,47.0
25290.0,47.0
25300.0,48.0
25310.0,48.0
25320.0,48.0
25330.0,49.0
25340.0,49.0
25350.0,49.0
25360.0,49.0
25370.0,50.0
25380.0,50.0
25390.0,50.0
25400.0,50.0
25410.0,50.0
25420.0,50.0
25430.0,50.0
25440.0,50.0
25450.0,50.0
25460.0,50.0
25470.0,50.0
25480.0,50.0
25490.0,50.0
25500.0,50.0
25510.0,50.0
25520.0,50.0
25530.0,50.0
25540.0,50.0
25550.0,50.0
25560.0,50.0
25570.0,50.0
25580.0,50.0
25590.0,50.0
25600.0,50.0
25610.0,50.0
25620.0,50.0
25630.0,50.0
25640.0,50.0
25650.0,50.0
25660.0,50.0
25670.0,50.0
25680.0,50.0
25690.0,50.0
25700.0,50.0
25710.0,50.0
25720.0,50.0
25730.0,50.0
25740.0,50.0
25750.0,50.0
25760.0,50.0
25770.0,50.0
25780.0,50.0
25790.0,50.0
25800.0,50.0
25810.0,50.0
25820.0,50.0
25830.0,50.0
25840.0,50.0
25850.0,50.0
25860.0,50.0
25870.0,50.0
25880.0,50.0
25890.0,50.0
25900.0,50.0
25910.0,50.0
25920.0,50.0
25930.0,50.0
25940.0,50.0
25950.0,50.0
25960.0,50.0
25970.0,50.0
25980.0,50.0
25990.0,50.0
26000.0,50.0
26010.0,50.0
26020.0,50.0
26030.0,50.0
26040.0,50.0
26050.0,50.0
26060.0,50.0
26070.0,50.0
26080.0,50.0
26090.0,50.0
26100.0,50.0
26110.0,50.0
26120.0,50.0
26130.0,50.0
26140.0,50.0
26150.0,50.0
26160.0,50.0
26170.0,50.0
26180.0,50.0
26190.0,50.0
26200.0,50.0
26210.0,50.0
26220.0,50.0
26230.0,50.0
26240.0,50.0
26250.0,50.0
26260.0,50.0
26270.0,50.0
26280.0,50.0
26290.0,50.0
26300.0,49.0
26310.0,49.0
26320.0,49.0
26330.0,50.0
26340.0,50.0
26350.0,50.0
26360.0,50.0
26370.0,50.0
26380.0,50.0
26390.0,50.0
26400.0,50.0
26410.0,50.0
26420.0,50.0
26430.0,50.0
26440.0,50.0
26450.0,50.0
26460.0,50.0
26470.0,50.0
26480.0,50.0
26490.0,50.0
26500.0,50.0
26510.0,50.0
26520.0,50.0
26530.0,50.0
26540.0,50.0
26550.0,50.0
26560.0,50.0
26570.0,50.0
26580.0,50.0
26590.0,50.0
26600.0,50.0
26610.0,50.0
26620.0,50.0
26630.0,50.0
26640.0,50.0
26650.0,50.0
26660.0,50.0
26670.0,50.0
26680.0,50.0
26690.0,50.0
26700.0,50.0
26710.0,50.0
26720.0,50.0
26730.0,50.0
26740.0,50.0
26750.0,50.0
26760.0,50.0
26770.0,50.0
26780.0,50.0
26790.0,50.0
26800.0,50.0
26810.0,50.0
26820.0,50.0
26830.0,50.0
26840.0,50.0
26850.0,50.0
26860.0,49.0
26870.0,49.0
26880.0,49.0
26890.0,50.0
26900.0,50.0
26910.0,50.0
26920.0,50.0
26930.0,50.0
26940.0,50.0
26950.0,49.0
26960.0,49.0
26970.0,49.0
26980.0,50.0
26990.0,50.0
27000.0,50.0
27010.0,50.0
27020.0,50.0
27030.0,50.0
27040.0,50.0
27050.0,50.0
27060.0,50.0
27070.0,50.0
27080.0,50.0
27090.0,50.0
27100.0,50.0
27110.0,50.0
27120.0,50.0
27130.0,50.0
27140.0,50.0
27150.0,50.0
27160.0,50.0
27170.0,50.0
27180.0,50.0
27190.0,50.0
27200.0,50.0
27210.0,50.0
27220.0,50.0
27230.0,50.0
27240.0,50.0
27250.0,50.0
27260.0,50.0
27270.0,50.0
27280.0,50.0
27290.0,50.0
27300.0,50.0
27310.0,50.0
27320.0,50.0
27330.0,50.0
27340.0,50.0
27350.0,50.0
27360.0,50.0
27370.0,50.0
27380.0,50.0
27390.0,50.0
27400.0,50.0
27410.0,50.0
27420.0,50.0
27430.0,50.0
27440.0,50.0
27450.0,49.0
27460.0,49.0
27470.0,49.0
27480.0,50.0
27490.0,50.0
27500.0,50.0
27510.0,50.0
27520.0,50.0
27530.0,50.0
27540.0,50.0
27550.0,50.0
27560.0,50.0
27570.0,50.0
27580.0,50.0
27590.0,50.0
27600.0,50.0
27610.0,50.0
27620.0,50.0
27630.0,50.0
27640.0,50.0
27650.0,50.0
27660.0,50.0
27670.0,50.0
27680.0,50.0
27690.0,50.0
27700.0,50.0
27710.0,50.0
27720.0,50.0
27730.0,50.0
27740.0,50.0
27750.0,50.0
27760.0,50.0
27770.0,50.0
27780.0,50.0
27790.0,50.0
27800.0,50.0
27810.0,50.0
27820.0,49.0
27830.0,49.0
27840.0,50.0
27850.0,50.0
27860.0,50.0
27870.0,50.0
27880.0,50.0
27890.0,50.0
27900.0,50.0
27910.0,50.0
27920.0,50.0
27930.0,50.0
27940.0,50.0
27950.0,50.0
27960.0,50.0
27970.0,50.0
27980.0,50.0
27990.0,50.0
28000.0,50.0
28010.0,50.0
28020.0,50.0
28030.0,49.0
28040.0,49.0
28050.0,49.0
28060.0,50.0
28070.0,50.0
28080.0,50.0
28090.0,50.0
28100.0,50.0
28110.0,50.0
28120.0,49.0
28130.0,49.0
28140.0,49.0
28150.0,49.0
28160.0,49.0
28170.0,49.0
28180.0,50.0
28190.0,50.0
28200.0,50.0
28210.0,50.0
28220.0,50.0
28230.0,50.0
28240.0,50.0
28250.0,50.0
28260.0,50.0
28270.0,50.0
28280.0,50.0
28290.0,50.0
28300.0,50.0
28310.0,50.0
28320.0,50.0
28330.0,50.0
28340.0,50.0
28350.0,50.0
28360.0,50.0
28370.0,50.0
28380.0,50.0
28390.0,50.0
28400.0,50.0
28410.0,50.0
28420.0,50.0
28430.0,50.0
28440.0,50.0
28450.0,50.0
28460.0,50.0
28470.0,50.0
28480.0,50.0
28490.0,50.0
28500.0,50.0
28510.0,50.0
28520.0,50.0
28530.0,50.0
28540.0,50.0
28550.0,50.0
28560.0,49.0
28570.0,49.0
28580.0,50.0
28590.0,50.0
28600.0,50.0
28610.0,50.0
28620.0,50.0
28630.0,50.0
28640.0,50.0
28650.0,50.0
28660.0,50.0
28670.0,50.0
28680.0,50.0
28690.0,50.0
28700.0,50.0
28710.0,50.0
28720.0,50.0
28730.0,50.0
28740.0,50.0
28750.0,49.0
28760.0,49.0
28770.0,49.0
28780.0,50.0
28790.0,50.0
28800.0,50.0
28810.0,50.0
28820.0,50.0
28830.0,50.0
28840.0,50.0
28850.0,49.0
28860.0,49.0
28870.0,50.0
28880.0,50.0
28890.0,50.0
28900.0,50.0
28910.0,50.0
28920.0,50.0
28930.0,50.0
28940.0,50.0
28950.0,50.0
28960.0,50.0
28970.0,50.0
28980.0,50.0
28990.0,50.0
29000.0,50.0
29010.0,50.0
29020.0,50.0
29030.0,50.0
29040.0,50.0
29050.0,50.0
29060.0,50.0
29070.0,50.0
29080.0,50.0
29090.0,50.0
29100.0,50.0
29110.0,50.0
29120.0,50.0
29130.0,49.0
29140.0,49.0
29150.0,48.0
29160.0,48.0
29170.0,47.0
29180.0,47.0
29190.0,47.0
29200.0,47.0
29210.0,47.0
29220.0,47.0
29230.0,48.0
29240.0,48.0
29250.0,47.0
29260.0,48.0
29270.0,48.0
29280.0,48.0
29290.0,48.0
29300.0,49.0
29310.0,49.0
29320.0,47.0
29330.0,48.0
29340.0,48.0
29350.0,48.0
29360.0,48.0
29370.0,49.0
29380.0,49.0
29390.0,49.0
29400.0,50.0
29410.0,50.0
29420.0,50.0
29430.0,50.0
29440.0,50.0
29450.0,50.0
29460.0,50.0
29470.0,50.0
29480.0,50.0
29490.0,50.0
29500.0,50.0
29510.0,50.0
29520.0,50.0
29530.0,50.0
29540.0,50.0
29550.0,49.0
29560.0,49.0
29570.0,49.0
29580.0,50.0
29590.0,50.0
29600.0,50.0
29610.0,50.0
29620.0,50.0
29630.0,50.0
29640.0,50.0
29650.0,50.0
29660.0,49.0
29670.0,49.0
29680.0,49.0
29690.0,50.0
29700.0,50.0
29710.0,50.0
29720.0,50.0
29730.0,50.0
29740.0,50.0
29750.0,50.0
29760.0,49.0
29770.0,49.0
29780.0,50.0
29790.0,50.0
29800.0,50.0
29810.0,50.0
29820.0,50.0
29830.0,50.0
29840.0,50.0
29850.0,50.0
29860.0,49.0
29870.0,49.0
29880.0,49.0
29890.0,50.0
29900.0,50.0
29910.0,50.0
29920.0,50.0
29930.0,50.0
29940.0,50.0
29950.0,50.0
29960.0,50.0
29970.0,50.0
29980.0,50.0
29990.0,50.0
30000.0,50.0
30010.0,50.0
30020.0,50.0
30030.0,50.0
30040.0,50.0
30050.0,49.0
30060.0,49.0
30070.0,48.0
30080.0,49.0
30090.0,49.0
30100.0,49.0
30110.0,50.0
30120.0,50.0
30130.0,50.0
30140.0,49.0
30150.0,47.0
30160.0,31.0
30170.0,28.0
30180.0,27.0
30190.0,27.0
30200.0,28.0
30210.0,28.0
30220.0,28.0
30230.0,29.0
30240.0,29.0
30250.0,29.0
30260.0,30.0
30270.0,30.0
30280.0,30.0
30290.0,31.0
30300.0,31.0
30310.0,31.0
30320.0,32.0
30330.0,32.0
30340.0,32.0
30350.0,33.0
30360.0,33.0
30370.0,33.0
30380.0,34.0
30390.0,34.0
30400.0,34.0
30410.0,35.0
30420.0,35.0
30430.0,35.0
30440.0,36.0
30450.0,36.0
30460.0,36.0
30470.0,37.0
30480.0,37.0
30490.0,37.0
30500.0,38.0
30510.0,38.0
30520.0,38.0
30530.0,38.0
30540.0,39.0
30550.0,39.0
30560.0,39.0
30570.0,40.0
30580.0,40.0
30590.0,40.0
30600.0,41.0
30610.0,41.0
30620.0,41.0
30630.0,42.0
30640.0,42.0
30650.0,42.0
30660.0,43.0
30670.0,43.0
30680.0,43.0
30690.0,44.0
30700.0,44.0
30710.0,44.0
30720.0,45.0
30730.0,45.0
30740.0,45.0
30750.0,46.0
30760.0,46.0
30770.0,46.0
30780.0,47.0
30790.0,47.0
30800.0,47.0
30810.0,48.0
30820.0,48.0
30830.0,48.0
30840.0,49.0
30850.0,49.0
30860.0,49.0
30870.0,50.0
30880.0,50.0
30890.0,50.0
30900.0,50.0
30910.0,50.0
30920.0,50.0
30930.0,50.0
30940.0,50.0
30950.0,50.0
30960.0,50.0
30970.0,50.0
30980.0,50.0
30990.0,50.0
31000.0,50.0
31010.0,50.0
31020.0,50.0
31030.0,50.0
31040.0,50.0
31050.0,50.0
31060.0,50.0
31070.0,50.0
31080.0,50.0
31090.0,50.0
31100.0,50.0
31110.0,50.0
31120.0,50.0
31130.0,50.0
31140.0,50.0
31150.0,50.0
31160.0,50.0
31170.0,50.0
31180.0,50.0
31190.0,49.0
31200.0,49.0
31210.0,50.0
31220.0,50.0
31230.0,50.0
31240.0,50.0
31250.0,50.0
31260.0,50.0
31270.0,50.0
31280.0,50.0
31290.0,50.0
31300.0,50.0
31310.0,50.0
31320.0,50.0
31330.0,49.0
31340.0,49.0
31350.0,50.0
31360.0,50.0
31370.0,50.0
31380.0,50.0
31390.0,50.0
31400.0,50.0
31410.0,50.0
31420.0,50.0
31430.0,50.0
31440.0,50.0
31450.0,50.0
31460.0,50.0
31470.0,50.0
31480.0,50.0
31490.0,50.0
31500.0,50.0
31510.0,50.0
31520.0,50.0
31530.0,50.0
31540.0,50.0
31550.0,50.0
31560.0,50.0
31570.0,50.0
31580.0,50.0
31590.0,41.0
31600.0,39.0
31610.0,27.0
31620.0,25.0
31630.0,26.0
31640.0,26.0
31650.0,26.0
31660.0,27.0
31670.0,27.0
31680.0,27.0
31690.0,28.0
31700.0,28.0
31710.0,29.0
31720.0,29.0
31730.0,29.0
31740.0,30.0
31750.0,30.0
31760.0,30.0
31770.0,31.0
31780.0,31.0
31790.0,32.0
31800.0,32.0
31810.0,32.0
31820.0,33.0
31830.0,33.0
31840.0,33.0
31850.0,34.0
31860.0,34.0
31870.0,35.0
31880.0,35.0
31890.0,35.0
31900.0,36.0
31910.0,36.0
31920.0,36.0
31930.0,37.0
31940.0,37.0
31950.0,37.0
31960.0,38.0
31970.0,38.0
31980.0,38.0
31990.0,38.0
32000.0,38.0
32010.0,39.0
32020.0,39.0
32030.0,40.0
32040.0,40.0
32050.0,40.0
32060.0,41.0
32070.0,41.0
32080.0,41.0
32090.0,42.0
32100.0,42.0
32110.0,42.0
32120.0,43.0
32130.0,43.0
32140.0,44.0
32150.0,44.0
32160.0,44.0
32170.0,45.0
32180.0,45.0
32190.0,45.0
32200.0,46.0
32210.0,46.0
32220.0,47.0
32230.0,47.0
32240.0,47.0
32250.0,48.0
32260.0,48.0
32270.0,48.0
32280.0,49.0
32290.0,49.0
32300.0,50.0
32310.0,50.0
32320.0,50.0
32330.0,50.0
32340.0,50.0
32350.0,50.0
32360.0,50.0
32370.0,50.0
32380.0,50.0
32390.0,50.0
32400.0,50.0
32410.0,50.0
32420.0,50.0
32430.0,50.0
32440.0,50.0
32450.0,50.0
32460.0,50.0
32470.0,50.0
32480.0,50.0
32490.0,50.0
32500.0,50.0
32510.0,49.0
32520.0,49.0
32530.0,49.0
32540.0,50.0
32550.0,50.0
32560.0,50.0
32570.0,50.0
32580.0,50.0
32590.0,50.0
32600.0,50.0
32610.0,50.0
32620.0,50.0
32630.0,50.0
32640.0,50.0
32650.0,50.0
32660.0,50.0
32670.0,50.0
32680.0,49.0
32690.0,49.0
32700.0,50.0
32710.0,50.0
32720.0,50.0
32730.0,50.0
32740.0,50.0
32750.0,50.0
32760.0,50.0
32770.0,50.0
32780.0,50.0
32790.0,50.0
32800.0,50.0
32810.0,50.0
32820.0,50.0
32830.0,50.0
32840.0,50.0
32850.0,49.0
32860.0,49.0
32870.0,49.0
32880.0,50.0
32890.0,50.0
32900.0,50.0
32910.0,50.0
32920.0,50.0
32930.0,50.0
32940.0,50.0
32950.0,50.0
32960.0,50.0
32970.0,50.0
32980.0,50.0
32990.0,50.0
33000.0,50.0
33010.0,49.0
33020.0,49.0
33030.0,48.0
33040.0,49.0
33050.0,49.0
33060.0,49.0
33070.0,50.0
33080.0,50.0
33090.0,50.0
33100.0,50.0
33110.0,50.0
33120.0,50.0
33130.0,49.0
33140.0,49.0
33150.0,49.0
33160.0,50.0
33170.0,50.0
33180.0,50.0
33190.0,50.0
33200.0,50.0
33210.0,50.0
33220.0,50.0
33230.0,50.0
33240.0,50.0
33250.0,50.0
33260.0,50.0
33270.0,49.0
33280.0,49.0
33290.0,49.0
33300.0,50.0
33310.0,50.0
33320.0,50.0
33330.0,50.0
33340.0,50.0
33350.0,50.0
33360.0,50.0
33370.0,50.0
33380.0,50.0
33390.0,50.0
33400.0,50.0
33410.0,50.0
33420.0,50.0
33430.0,50.0
33440.0,50.0
33450.0,50.0
33460.0,50.0
33470.0,49.0
33480.0,49.0
33490.0,49.0
33500.0,50.0
33510.0,50.0
33520.0,50.0
33530.0,50.0
33540.0,50.0
33550.0,50.0
33560.0,50.0
33570.0,50.0
33580.0,50.0
33590.0,50.0
33600.0,50.0
33610.0,50.0
33620.0,50.0
33630.0,50.0
33640.0,50.0
33650.0,50.0
33660.0,50.0
33670.0,50.0
33680.0,50.0
33690.0,50.0
33700.0,50.0
33710.0,50.0
33720.0,50.0
33730.0,50.0
33740.0,50.0
33750.0,50.0
33760.0,50.0
33770.0,50.0
33780.0,50.0
33790.0,50.0
33800.0,50.0
33810.0,50.0
33820.0,50.0
33830.0,50.0
33840.0,50.0
33850.0,50.0
33860.0,50.0
33870.0,50.0
33880.0,50.0
33890.0,50.0
33900.0,50.0
33910.0,50.0
33920.0,50.0
33930.0,50.0
33940.0,50.0
33950.0,50.0
33960.0,50.0
33970.0,50.0
33980.0,50.0
33990.0,50.0
34000.0,50.0
34010.0,49.0
34020.0,49.0
34030.0,49.0
34040.0,50.0
34050.0,50.0
34060.0,50.0
34070.0,50.0
34080.0,50.0
34090.0,50.0
34100.0,50.0
34110.0,50.0
34120.0,50.0
34130.0,50.0
34140.0,50.0
34150.0,50.0
34160.0,50.0
34170.0,50.0
34180.0,50.0
34190.0,50.0
34200.0,50.0
34210.0,50.0
34220.0,50.0
34230.0,50.0
34240.0,50.0
34250.0,50.0
34260.0,50.0
34270.0,50.0
34280.0,50.0
34290.0,50.0
34300.0,50.0
34310.0,50.0
34320.0,50.0
34330.0,50.0
34340.0,50.0
34350.0,50.0
34360.0,50.0
34370.0,50.0
34380.0,50.0
34390.0,50.0
34400.0,50.0
34410.0,50.0
34420.0,50.0
34430.0,50.0
34440.0,50.0
34450.0,50.0
34460.0,50.0
34470.0,50.0
34480.0,50.0
34490.0,50.0
34500.0,50.0
34510.0,50.0
34520.0,50.0
34530.0,50.0
34540.0,50.0
34550.0,50.0
34560.0,50.0
34570.0,50.0
34580.0,50.0
34590.0,49.0
34600.0,49.0
34610.0,50.0
34620.0,50.0
34630.0,50.0
34640.0,50.0
34650.0,50.0
34660.0,50.0
34670.0,50.0
34680.0,50.0
34690.0,50.0
34700.0,50.0
34710.0,50.0
34720.0,50.0
34730.0,50.0
34740.0,50.0
34750.0,50.0
34760.0,50.0
34770.0,50.0
34780.0,50.0
34790.0,50.0
34800.0,50.0
34810.0,50.0
34820.0,50.0
34830.0,50.0
34840.0,50.0
34850.0,50.0
34860.0,50.0
34870.0,50.0
34880.0,50.0
34890.0,50.0
34900.0,49.0
34910.0,49.0
34920.0,50.0
34930.0,50.0
34940.0,50.0
34950.0,50.0
34960.0,50.0
34970.0,50.0
34980.0,50.0
34990.0,50.0
35000.0,50.0
35010.0,50.0
35020.0,50.0
35030.0,50.0
35040.0,50.0
35050.0,50.0
35060.0,50.0
35070.0,50.0
35080.0,50.0
35090.0,50.0
35100.0,50.0
35110.0,50.0
35120.0,50.0
35130.0,50.0
35140.0,50.0
35150.0,50.0
35160.0,50.0
35170.0,50.0
35180.0,50.0
35190.0,50.0
35200.0,50.0
35210.0,50.0
35220.0,49.0
35230.0,49.0
35240.0,49.0
35250.0,49.0
35260.0,49.0
35270.0,49.0
35280.0,43.0
35290.0,33.0
35300.0,24.0
35310.0,19.0
35320.0,19.0
35330.0,19.0
35340.0,20.0
35350.0,20.0
35360.0,20.0
35370.0,21.0
35380.0,21.0
35390.0,21.0
35400.0,22.0
35410.0,22.0
35420.0,22.0
35430.0,22.0
35440.0,23.0
35450.0,23.0
35460.0,23.0
35470.0,24.0
35480.0,24.0
35490.0,24.0
35500.0,25.0
35510.0,25.0
35520.0,25.0
35530.0,26.0
35540.0,26.0
35550.0,26.0
35560.0,27.0
35570.0,27.0
35580.0,26.0
35590.0,27.0
35600.0,27.0
35610.0,27.0
35620.0,28.0
35630.0,28.0
35640.0,28.0
35650.0,29.0
35660.0,29.0
35670.0,29.0
35680.0,30.0
35690.0,30.0
35700.0,30.0
35710.0,31.0
35720.0,31.0
35730.0,31.0
35740.0,32.0
35750.0,32.0
35760.0,32.0
35770.0,33.0
35780.0,33.0
35790.0,33.0
35800.0,33.0
35810.0,33.0
35820.0,33.0
35830.0,34.0
35840.0,34.0
35850.0,34.0
35860.0,35.0
35870.0,35.0
35880.0,35.0
35890.0,36.0
35900.0,36.0
35910.0,36.0
35920.0,37.0
35930.0,37.0
35940.0,37.0
35950.0,38.0
35960.0,38.0
35970.0,38.0
35980.0,38.0
35990.0,39.0
36000.0,39.0
36010.0,39.0
36020.0,40.0
36030.0,40.0
36040.0,40.0
36050.0,41.0
36060.0,41.0
36070.0,41.0
36080.0,41.0
36090.0,41.0
36100.0,41.0
36110.0,42.0
36120.0,42.0
36130.0,42.0
36140.0,43.0
36150.0,43.0
36160.0,43.0
36170.0,44.0
36180.0,44.0
36190.0,44.0
36200.0,45.0
36210.0,45.0
36220.0,45.0
36230.0,46.0
36240.0,46.0
36250.0,46.0
36260.0,47.0
36270.0,47.0
36280.0,47.0
36290.0,48.0
36300.0,48.0
36310.0,48.0
36320.0,49.0
36330.0,49.0
36340.0,49.0
36350.0,48.0
36360.0,49.0
36370.0,49.0
36380.0,49.0
36390.0,50.0
36400.0,50.0
36410.0,50.0
36420.0,50.0
36430.0,50.0
36440.0,50.0
36450.0,50.0
36460.0,50.0
36470.0,50.0
36480.0,50.0
36490.0,50.0
36500.0,50.0
36510.0,50.0
36520.0,50.0
36530.0,50.0
36540.0,50.0
36550.0,50.0
36560.0,50.0
36570.0,50.0
36580.0,50.0
36590.0,50.0
36600.0,50.0
36610.0,50.0
36620.0,50.0
36630.0,50.0
36640.0,50.0
36650.0,50.0
36660.0,50.0
36670.0,50.0
36680.0,50.0
36690.0,50.0
36700.0,50.0
36710.0,50.0
36720.0,50.0
36730.0,50.0
36740.0,50.0
36750.0,50.0
36760.0,50.0
36770.0,49.0
36780.0,49.0
36790.0,49.0
36800.0,50.0
36810.0,50.0
36820.0,50.0
36830.0,50.0
36840.0,50.0
36850.0,50.0
36860.0,50.0
36870.0,50.0
36880.0,50.0
36890.0,50.0
36900.0,50.0
36910.0,50.0
36920.0,50.0
36930.0,50.0
36940.0,50.0
36950.0,49.0
36960.0,45.0
36970.0,44.0
36980.0,45.0
36990.0,45.0
37000.0,45.0
37010.0,46.0
37020.0,46.0
37030.0,39.0
37040.0,34.0
37050.0,34.0
37060.0,28.0
37070.0,29.0
37080.0,29.0
37090.0,29.0
37100.0,30.0
37110.0,29.0
37120.0,29.0
37130.0,30.0
37140.0,30.0
37150.0,30.0
37160.0,31.0
37170.0,31.0
37180.0,31.0
37190.0,32.0
37200.0,31.0
37210.0,31.0
37220.0,32.0
37230.0,32.0
37240.0,32.0
37250.0,33.0
37260.0,33.0
37270.0,33.0
37280.0,34.0
37290.0,34.0
37300.0,34.0
37310.0,35.0
37320.0,34.0
37330.0,34.0
37340.0,35.0
37350.0,35.0
37360.0,35.0
37370.0,36.0
37380.0,36.0
37390.0,36.0
37400.0,37.0
37410.0,37.0
37420.0,37.0
37430.0,38.0
37440.0,38.0
37450.0,38.0
37460.0,39.0
37470.0,39.0
37480.0,39.0
37490.0,40.0
37500.0,40.0
37510.0,40.0
37520.0,41.0
37530.0,41.0
37540.0,41.0
37550.0,42.0
37560.0,42.0
37570.0,42.0
37580.0,43.0
37590.0,43.0
37600.0,43.0
37610.0,43.0
37620.0,44.0
37630.0,44.0
37640.0,44.0
37650.0,45.0
37660.0,45.0
37670.0,45.0
37680.0,46.0
37690.0,46.0
37700.0,46.0
37710.0,47.0
37720.0,47.0
37730.0,47.0
37740.0,48.0
37750.0,48.0
37760.0,48.0
37770.0,49.0
37780.0,49.0
37790.0,49.0
37800.0,50.0
37810.0,50.0
37820.0,50.0
37830.0,50.0
37840.0,50.0
37850.0,50.0
37860.0,50.0
37870.0,50.0
37880.0,49.0
37890.0,49.0
37900.0,50.0
37910.0,50.0
37920.0,50.0
37930.0,50.0
37940.0,50.0
37950.0,50.0
37960.0,50.0
37970.0,50.0
37980.0,50.0
37990.0,50.0
38000.0,50.0
38010.0,50.0
38020.0,50.0
38030.0,49.0
38040.0,49.0
38050.0,50.0
38060.0,50.0
38070.0,50.0
38080.0,50.0
38090.0,50.0
38100.0,50.0
38110.0,50.0
38120.0,49.0
38130.0,49.0
38140.0,50.0
38150.0,50.0
38160.0,50.0
38170.0,50.0
38180.0,50.0
38190.0,50.0
38200.0,50.0
38210.0,50.0
38220.0,50.0
38230.0,50.0
38240.0,50.0
38250.0,50.0
38260.0,50.0
38270.0,50.0
38280.0,50.0
38290.0,50.0
38300.0,50.0
38310.0,50.0
38320.0,50.0
38330.0,50.0
38340.0,50.0
38350.0,50.0
38360.0,50.0
38370.0,50.0
38380.0,50.0
38390.0,50.0
38400.0,49.0
38410.0,48.0
38420.0,48.0
38430.0,49.0
38440.0,49.0
38450.0,49.0
38460.0,49.0
38470.0,50.0
38480.0,50.0
38490.0,50.0
38500.0,50.0
38510.0,50.0
38520.0,50.0
38530.0,50.0
38540.0,50.0
38550.0,50.0
38560.0,49.0
38570.0,49.0
38580.0,50.0
38590.0,50.0
38600.0,50.0
38610.0,50.0
38620.0,50.0
38630.0,50.0
38640.0,50.0
38650.0,50.0
38660.0,50.0
38670.0,50.0
38680.0,50.0
38690.0,50.0
38700.0,50.0
38710.0,49.0
38720.0,49.0
38730.0,49.0
38740.0,50.0
38750.0,50.0
38760.0,50.0
38770.0,50.0
38780.0,50.0
38790.0,50.0
38800.0,50.0
38810.0,50.0
38820.0,50.0
38830.0,50.0
38840.0,50.0
38850.0,50.0
38860.0,50.0
38870.0,50.0
38880.0,50.0
38890.0,50.0
38900.0,50.0
38910.0,50.0
38920.0,50.0
38930.0,50.0
38940.0,50.0
38950.0,50.0
38960.0,50.0
38970.0,50.0
38980.0,50.0
38990.0,50.0
39000.0,50.0
39010.0,50.0
39020.0,50.0
39030.0,50.0
39040.0,50.0
39050.0,50.0
39060.0,50.0
39070.0,50.0
39080.0,50.0
39090.0,49.0
39100.0,49.0
39110.0,49.0
39120.0,50.0
39130.0,50.0
39140.0,50.0
39150.0,50.0
39160.0,50.0
39170.0,50.0
39180.0,50.0
39190.0,50.0
39200.0,50.0
39210.0,50.0
39220.0,50.0
39230.0,50.0
39240.0,50.0
39250.0,50.0
39260.0,50.0
39270.0,50.0
39280.0,50.0
39290.0,50.0
39300.0,50.0
39310.0,50.0
39320.0,50.0
39330.0,50.0
39340.0,50.0
39350.0,50.0
39360.0,50.0
39370.0,50.0
39380.0,50.0
39390.0,50.0
39400.0,50.0
39410.0,50.0
39420.0,50.0
39430.0,50.0
39440.0,50.0
39450.0,50.0
39460.0,50.0
39470.0,50.0
39480.0,50.0
39490.0,50.0
39500.0,50.0
39510.0,50.0
39520.0,50.0
39530.0,50.0
39540.0,50.0
39550.0,50.0
39560.0,50.0
39570.0,50.0
39580.0,50.0
39590.0,50.0
39600.0,50.0
39610.0,50.0
39620.0,50.0
39630.0,50.0
39640.0,50.0
39650.0,50.0
39660.0,50.0
39670.0,50.0
39680.0,50.0
39690.0,50.0
39700.0,50.0
39710.0,50.0
39720.0,50.0
39730.0,50.0
39740.0,50.0
39750.0,50.0
39760.0,50.0
39770.0,50.0
39780.0,50.0
39790.0,50.0
39800.0,50.0
39810.0,50.0
39820.0,50.0
39830.0,50.0
39840.0,50.0
39850.0,50.0
39860.0,49.0
39870.0,47.0
39880.0,47.0
39890.0,38.0
39900.0,37.0
39910.0,37.0
39920.0,38.0
39930.0,38.0
39940.0,38.0
39950.0,39.0
39960.0,39.0
39970.0,39.0
39980.0,40.0
39990.0,40.0
40000.0,40.0
40010.0,41.0
40020.0,41.0
40030.0,41.0
40040.0,42.0
40050.0,42.0
40060.0,42.0
40070.0,43.0
40080.0,43.0
40090.0,43.0
40100.0,44.0
40110.0,44.0
40120.0,44.0
40130.0,45.0
40140.0,45.0
40150.0,45.0
40160.0,46.0
40170.0,46.0
40180.0,46.0
40190.0,47.0
40200.0,47.0
40210.0,47.0
40220.0,48.0
40230.0,48.0
40240.0,48.0
40250.0,48.0
40260.0,49.0
40270.0,49.0
40280.0,49.0
40290.0,50.0
40300.0,50.0
40310.0,50.0
40320.0,50.0
40330.0,50.0
40340.0,50.0
40350.0,50.0
40360.0,50.0
40370.0,50.0
40380.0,50.0
40390.0,50.0
40400.0,50.0
40410.0,50.0
40420.0,50.0
40430.0,50.0
40440.0,50.0
40450.0,50.0
40460.0,50.0
40470.0,50.0
40480.0,50.0
40490.0,50.0
40500.0,50.0
40510.0,50.0
40520.0,50.0
40530.0,50.0
40540.0,50.0
40550.0,50.0
40560.0,50.0
40570.0,50.0
40580.0,50.0
40590.0,50.0
40600.0,50.0
40610.0,50.0
40620.0,50.0
40630.0,50.0
40640.0,50.0
40650.0,50.0
40660.0,49.0
40670.0,49.0
40680.0,49.0
40690.0,50.0
40700.0,50.0
40710.0,50.0
40720.0,50.0
40730.0,50.0
40740.0,50.0
40750.0,50.0
40760.0,50.0
40770.0,50.0
40780.0,50.0
40790.0,50.0
40800.0,50.0
40810.0,50.0
40820.0,50.0
40830.0,50.0
40840.0,50.0
40850.0,41.0
40860.0,37.0
40870.0,33.0
40880.0,33.0
40890.0,33.0
40900.0,34.0
40910.0,34.0
40920.0,34.0
40930.0,35.0
40940.0,21.0
40950.0,11.0
40960.0,7.0
40970.0,5.0
40980.0,5.0
40990.0,6.0
41000.0,6.0
41010.0,7.0
41020.0,7.0
41030.0,7.0
41040.0,8.0
41050.0,8.0
41060.0,8.0
41070.0,9.0
41080.0,9.0
41090.0,10.0
41100.0,10.0
41110.0,10.0
41120.0,11.0
41130.0,11.0
41140.0,11.0
41150.0,12.0
41160.0,12.0
41170.0,13.0
41180.0,13.0
41190.0,13.0
41200.0,14.0
41210.0,14.0
41220.0,14.0
41230.0,15.0
41240.0,15.0
41250.0,15.0
41260.0,16.0
41270.0,16.0
41280.0,17.0
41290.0,17.0
41300.0,17.0
41310.0,18.0
41320.0,18.0
41330.0,18.0
41340.0,19.0
41350.0,19.0
41360.0,20.0
41370.0,20.0
41380.0,20.0
41390.0,21.0
41400.0,21.0
41410.0,22.0
41420.0,22.0
41430.0,22.0
41440.0,23.0
41450.0,23.0
41460.0,23.0
41470.0,23.0
41480.0,23.0
41490.0,24.0
41500.0,24.0
41510.0,24.0
41520.0,25.0
41530.0,25.0
41540.0,25.0
41550.0,26.0
41560.0,26.0
41570.0,27.0
41580.0,27.0
41590.0,27.0
41600.0,28.0
41610.0,28.0
41620.0,28.0
41630.0,29.0
41640.0,29.0
41650.0,30.0
41660.0,30.0
41670.0,30.0
41680.0,31.0
41690.0,31.0
41700.0,31.0
41710.0,32.0
41720.0,32.0
41730.0,33.0
41740.0,33.0
41750.0,33.0
41760.0,34.0
41770.0,34.0
41780.0,34.0
41790.0,35.0
41800.0,35.0
41810.0,36.0
41820.0,36.0
41830.0,36.0
41840.0,37.0
41850.0,37.0
41860.0,37.0
41870.0,38.0
41880.0,38.0
41890.0,39.0
41900.0,39.0
41910.0,39.0
41920.0,40.0
41930.0,40.0
41940.0,40.0
41950.0,41.0
41960.0,41.0
41970.0,42.0
41980.0,42.0
41990.0,42.0
42000.0,43.0
42010.0,43.0
42020.0,43.0
42030.0,44.0
42040.0,44.0
42050.0,44.0
42060.0,45.0
42070.0,45.0
42080.0,46.0
42090.0,45.0
42100.0,45.0
42110.0,46.0
42120.0,45.0
42130.0,45.0
42140.0,46.0
42150.0,46.0
42160.0,47.0
42170.0,47.0
42180.0,47.0
42190.0,48.0
42200.0,48.0
42210.0,48.0
42220.0,49.0
42230.0,49.0
42240.0,49.0
42250.0,50.0
42260.0,50.0
42270.0,50.0
42280.0,50.0
42290.0,50.0
42300.0,50.0
42310.0,50.0
42320.0,50.0
42330.0,50.0
42340.0,50.0
42350.0,50.0
42360.0,50.0
42370.0,50.0
42380.0,50.0
42390.0,50.0
42400.0,50.0
42410.0,50.0
42420.0,50.0
42430.0,50.0
42440.0,50.0
42450.0,50.0
42460.0,50.0
42470.0,50.0
42480.0,50.0
42490.0,50.0
42500.0,50.0
42510.0,50.0
42520.0,50.0
42530.0,50.0
42540.0,50.0
42550.0,50.0
42560.0,50.0
42570.0,50.0
42580.0,50.0
42590.0,50.0
42600.0,50.0
42610.0,50.0
42620.0,50.0
42630.0,50.0
42640.0,50.0
42650.0,50.0
42660.0,50.0
42670.0,50.0
42680.0,50.0
42690.0,50.0
42700.0,50.0
42710.0,50.0
42720.0,50.0
42730.0,50.0
42740.0,50.0
42750.0,50.0
42760.0,50.0
42770.0,50.0
42780.0,50.0
42790.0,50.0
42800.0,50.0
42810.0,50.0
42820.0,50.0
42830.0,50.0
42840.0,50.0
42850.0,50.0
42860.0,50.0
42870.0,50.0
42880.0,50.0
42890.0,50.0
42900.0,50.0
42910.0,50.0
42920.0,50.0
42930.0,50.0
42940.0,50.0
42950.0,49.0
42960.0,49.0
42970.0,49.0
42980.0,50.0
42990.0,50.0
43000.0,50.0
43010.0,50.0
43020.0,50.0
43030.0,50.0
43040.0,50.0
43050.0,50.0
43060.0,50.0
43070.0,50.0
43080.0,50.0
43090.0,50.0
43100.0,50.0
43110.0,50.0
43120.0,50.0
43130.0,50.0
43140.0,50.0
43150.0,50.0
43160.0,49.0
43170.0,49.0
43180.0,49.0
43190.0,50.0
43200.0,50.0
43210.0,50.0
43220.0,50.0
43230.0,50.0
43240.0,50.0
43250.0,50.0
43260.0,50.0
43270.0,50.0
43280.0,50.0
43290.0,50.0
43300.0,50.0
43310.0,50.0
43320.0,50.0
43330.0,50.0
43340.0,50.0
43350.0,50.0
43360.0,50.0
43370.0,50.0
43380.0,50.0
43390.0,50.0
43400.0,50.0
43410.0,50.0
43420.0,50.0
43430.0,50.0
43440.0,50.0
43450.0,50.0
43460.0,50.0
43470.0,50.0
43480.0,50.0
43490.0,50.0
43500.0,50.0
43510.0,50.0
43520.0,50.0
43530.0,50.0
43540.0,45.0
43550.0,31.0
43560.0,23.0
43570.0,24.0
43580.0,24.0
43590.0,24.0
43600.0,25.0
43610.0,25.0
43620.0,25.0
43630.0,25.0
43640.0,26.0
43650.0,26.0
43660.0,25.0
43670.0,26.0
43680.0,26.0
43690.0,26.0
43700.0,26.0
43710.0,27.0
43720.0,27.0
43730.0,27.0
43740.0,28.0
43750.0,28.0
43760.0,28.0
43770.0,28.0
43780.0,29.0
43790.0,29.0
43800.0,29.0
43810.0,30.0
43820.0,30.0
43830.0,30.0
43840.0,31.0
43850.0,31.0
43860.0,31.0
43870.0,31.0
43880.0,32.0
43890.0,32.0
43900.0,32.0
43910.0,33.0
43920.0,33.0
43930.0,33.0
43940.0,33.0
43950.0,34.0
43960.0,34.0
43970.0,34.0
43980.0,35.0
43990.0,35.0
44000.0,35.0
44010.0,35.0
44020.0,36.0
44030.0,36.0
44040.0,36.0
44050.0,37.0
44060.0,37.0
44070.0,37.0
44080.0,37.0
44090.0,38.0
44100.0,38.0
44110.0,38.0
44120.0,39.0
44130.0,39.0
44140.0,39.0
44150.0,39.0
44160.0,40.0
44170.0,40.0
44180.0,40.0
44190.0,41.0
44200.0,41.0
44210.0,41.0
44220.0,41.0
44230.0,41.0
44240.0,41.0
44250.0,41.0
44260.0,42.0
44270.0,42.0
44280.0,42.0
44290.0,43.0
44300.0,43.0
44310.0,43.0
44320.0,43.0
44330.0,44.0
44340.0,44.0
44350.0,44.0
44360.0,45.0
44370.0,45.0
44380.0,45.0
44390.0,45.0
44400.0,46.0
44410.0,46.0
44420.0,46.0
44430.0,47.0
44440.0,47.0
44450.0,47.0
44460.0,47.0
44470.0,48.0
44480.0,48.0
44490.0,48.0
44500.0,49.0
44510.0,49.0
44520.0,49.0
44530.0,49.0
44540.0,50.0
44550.0,50.0
44560.0,50.0
44570.0,50.0
44580.0,50.0
44590.0,50.0
44600.0,50.0
44610.0,50.0
44620.0,50.0
44630.0,50.0
44640.0,50.0
44650.0,50.0
44660.0,50.0
44670.0,50.0
44680.0,50.0
44690.0,50.0
44700.0,50.0
44710.0,50.0
44720.0,50.0
44730.0,50.0
44740.0,50.0
44750.0,50.0
44760.0,50.0
44770.0,49.0
44780.0,49.0
44790.0,49.0
44800.0,50.0
44810.0,50.0
44820.0,50.0
44830.0,50.0
44840.0,50.0
44850.0,50.0
44860.0,50.0
44870.0,50.0
44880.0,50.0
44890.0,50.0
44900.0,50.0
44910.0,50.0
44920.0,50.0
44930.0,50.0
44940.0,50.0
44950.0,50.0
44960.0,50.0
44970.0,50.0
44980.0,50.0
44990.0,50.0
45000.0,50.0
45010.0,50.0
45020.0,50.0
45030.0,50.0
45040.0,43.0
45050.0,39.0
45060.0,35.0
45070.0,31.0
45080.0,31.0
45090.0,32.0
45100.0,32.0
45110.0,32.0
45120.0,33.0
45130.0,33.0
45140.0,33.0
45150.0,34.0
45160.0,34.0
45170.0,34.0
45180.0,35.0
45190.0,35.0
45200.0,35.0
45210.0,36.0
45220.0,36.0
45230.0,36.0
45240.0,37.0
45250.0,37.0
45260.0,37.0
45270.0,38.0
45280.0,38.0
45290.0,38.0
45300.0,39.0
45310.0,39.0
45320.0,39.0
45330.0,40.0
45340.0,40.0
45350.0,40.0
45360.0,40.0
45370.0,41.0
45380.0,41.0
45390.0,41.0
45400.0,41.0
45410.0,41.0
45420.0,41.0
45430.0,42.0
45440.0,41.0
45450.0,41.0
45460.0,42.0
45470.0,42.0
45480.0,42.0
45490.0,43.0
45500.0,43.0
45510.0,43.0
45520.0,44.0
45530.0,44.0
45540.0,44.0
45550.0,45.0
45560.0,45.0
45570.0,45.0
45580.0,37.0
45590.0,35.0
45600.0,21.0
45610.0,15.0
45620.0,15.0
45630.0,15.0
45640.0,16.0
45650.0,16.0
45660.0,17.0
45670.0,17.0
45680.0,17.0
45690.0,18.0
45700.0,18.0
45710.0,18.0
45720.0,19.0
45730.0,19.0
45740.0,19.0
45750.0,20.0
45760.0,20.0
45770.0,20.0
45780.0,21.0
45790.0,21.0
45800.0,21.0
45810.0,22.0
45820.0,22.0
45830.0,22.0
45840.0,23.0
45850.0,23.0
45860.0,23.0
45870.0,24.0
45880.0,24.0
45890.0,24.0
45900.0,25.0
45910.0,25.0
45920.0,25.0
45930.0,26.0
45940.0,26.0
45950.0,26.0
45960.0,26.0
45970.0,27.0
45980.0,27.0
45990.0,28.0
46000.0,28.0
46010.0,28.0
46020.0,29.0
46030.0,29.0
46040.0,29.0
46050.0,29.0
46060.0,30.0
46070.0,30.0
46080.0,30.0
46090.0,31.0
46100.0,31.0
46110.0,31.0
46120.0,32.0
46130.0,32.0
46140.0,32.0
46150.0,33.0
46160.0,33.0
46170.0,33.0
46180.0,34.0
46190.0,34.0
46200.0,34.0
46210.0,35.0
46220.0,35.0
46230.0,35.0
46240.0,36.0
46250.0,36.0
46260.0,36.0
46270.0,37.0
46280.0,37.0
46290.0,37.0
46300.0,38.0
46310.0,38.0
46320.0,38.0
46330.0,39.0
46340.0,39.0
46350.0,39.0
46360.0,40.0
46370.0,40.0
46380.0,40.0
46390.0,41.0
46400.0,41.0
46410.0,41.0
46420.0,42.0
46430.0,42.0
46440.0,42.0
46450.0,43.0
46460.0,43.0
46470.0,43.0
46480.0,43.0
46490.0,40.0
46500.0,25.0
46510.0,11.0
46520.0,11.0
46530.0,11.0
46540.0,12.0
46550.0,12.0
46560.0,12.0
46570.0,13.0
46580.0,13.0
46590.0,14.0
46600.0,14.0
46610.0,14.0
46620.0,15.0
46630.0,15.0
46640.0,15.0
46650.0,16.0
46660.0,16.0
46670.0,16.0
46680.0,17.0
46690.0,17.0
46700.0,17.0
46710.0,18.0
46720.0,18.0
46730.0,18.0
46740.0,19.0
46750.0,19.0
46760.0,20.0
46770.0,20.0
46780.0,20.0
46790.0,20.0
46800.0,21.0
46810.0,21.0
46820.0,21.0
46830.0,22.0
46840.0,22.0
46850.0,22.0
46860.0,23.0
46870.0,23.0
46880.0,23.0
46890.0,24.0
46900.0,24.0
46910.0,24.0
46920.0,25.0
46930.0,25.0
46940.0,25.0
46950.0,26.0
46960.0,26.0
46970.0,26.0
46980.0,27.0
46990.0,27.0
47000.0,27.0
47010.0,28.0
47020.0,28.0
47030.0,28.0
47040.0,29.0
47050.0,29.0
47060.0,29.0
47070.0,30.0
47080.0,30.0
47090.0,30.0
47100.0,31.0
47110.0,31.0
47120.0,31.0
47130.0,32.0
47140.0,32.0
47150.0,32.0
47160.0,33.0
47170.0,33.0
47180.0,33.0
47190.0,34.0
47200.0,34.0
47210.0,34.0
47220.0,35.0
47230.0,35.0
47240.0,35.0
47250.0,36.0
47260.0,36.0
47270.0,36.0
47280.0,37.0
47290.0,37.0
47300.0,37.0
47310.0,38.0
47320.0,38.0
47330.0,38.0
47340.0,39.0
47350.0,39.0
47360.0,39.0
47370.0,40.0
47380.0,40.0
47390.0,40.0
47400.0,41.0
47410.0,41.0
47420.0,41.0
47430.0,42.0
47440.0,42.0
47450.0,42.0
47460.0,43.0
47470.0,43.0
47480.0,43.0
47490.0,44.0
47500.0,44.0
47510.0,44.0
47520.0,45.0
47530.0,45.0
47540.0,45.0
47550.0,46.0
47560.0,46.0
47570.0,46.0
47580.0,47.0
47590.0,47.0
47600.0,47.0
47610.0,48.0
47620.0,48.0
47630.0,48.0
47640.0,49.0
47650.0,49.0
47660.0,49.0
47670.0,50.0
47680.0,50.0
47690.0,50.0
47700.0,50.0
47710.0,50.0
47720.0,50.0
47730.0,50.0
47740.0,50.0
47750.0,50.0
47760.0,50.0
47770.0,50.0
47780.0,50.0
47790.0,50.0
47800.0,50.0
47810.0,50.0
47820.0,50.0
47830.0,50.0
47840.0,50.0
47850.0,50.0
47860.0,50.0
47870.0,50.0
47880.0,50.0
47890.0,50.0
47900.0,50.0
47910.0,50.0
47920.0,50.0
47930.0,50.0
47940.0,50.0
47950.0,50.0
47960.0,50.0
47970.0,50.0
47980.0,50.0
47990.0,50.0
48000.0,50.0
48010.0,50.0
48020.0,50.0
48030.0,50.0
48040.0,50.0
48050.0,50.0
48060.0,50.0
48070.0,50.0
48080.0,50.0
48090.0,50.0
48100.0,50.0
48110.0,50.0
48120.0,50.0
48130.0,50.0
48140.0,50.0
48150.0,50.0
48160.0,50.0
48170.0,50.0
48180.0,50.0
48190.0,50.0
48200.0,50.0
48210.0,50.0
48220.0,50.0
48230.0,50.0
48240.0,50.0
48250.0,50.0
48260.0,50.0
48270.0,50.0
48280.0,50.0
48290.0,50.0
48300.0,50.0
48310.0,50.0
48320.0,50.0
48330.0,50.0
48340.0,50.0
48350.0,50.0
48360.0,50.0
48370.0,50.0
48380.0,50.0
48390.0,50.0
48400.0,50.0
48410.0,50.0
48420.0,50.0
48430.0,50.0
48440.0,50.0
48450.0,50.0
48460.0,50.0
48470.0,50.0
48480.0,49.0
48490.0,49.0
48500.0,49.0
48510.0,50.0
48520.0,50.0
48530.0,50.0
48540.0,50.0
48550.0,50.0
48560.0,50.0
48570.0,50.0
48580.0,50.0
48590.0,50.0
48600.0,50.0
48610.0,50.0
48620.0,50.0
48630.0,50.0
48640.0,50.0
48650.0,50.0
48660.0,50.0
48670.0,50.0
48680.0,49.0
48690.0,49.0
48700.0,49.0
48710.0,50.0
48720.0,43.0
48730.0,43.0
48740.0,43.0
48750.0,37.0
48760.0,37.0
48770.0,38.0
48780.0,38.0
48790.0,38.0
48800.0,39.0
48810.0,39.0
48820.0,39.0
48830.0,40.0
48840.0,40.0
48850.0,40.0
48860.0,41.0
48870.0,41.0
48880.0,41.0
48890.0,42.0
48900.0,42.0
48910.0,42.0
48920.0,43.0
48930.0,43.0
48940.0,43.0
48950.0,44.0
48960.0,44.0
48970.0,44.0
48980.0,45.0
48990.0,45.0
49000.0,45.0
49010.0,45.0
49020.0,46.0
49030.0,46.0
49040.0,46.0
49050.0,47.0
49060.0,47.0
49070.0,47.0
49080.0,48.0
49090.0,48.0
49100.0,48.0
49110.0,49.0
49120.0,49.0
49130.0,49.0
49140.0,50.0
49150.0,50.0
49160.0,50.0
49170.0,50.0
49180.0,50.0
49190.0,50.0
49200.0,50.0
49210.0,50.0
49220.0,50.0
49230.0,50.0
49240.0,42.0
49250.0,36.0
49260.0,14.0
49270.0,12.0
49280.0,12.0
49290.0,12.0
49300.0,12.0
49310.0,12.0
49320.0,13.0
49330.0,13.0
49340.0,13.0
49350.0,14.0
49360.0,14.0
49370.0,14.0
49380.0,15.0
49390.0,15.0
49400.0,15.0
49410.0,16.0
49420.0,16.0
49430.0,16.0
49440.0,17.0
49450.0,17.0
49460.0,17.0
49470.0,18.0
49480.0,18.0
49490.0,18.0
49500.0,19.0
49510.0,19.0
49520.0,19.0
49530.0,20.0
49540.0,20.0
49550.0,20.0
49560.0,21.0
49570.0,21.0
49580.0,21.0
49590.0,22.0
49600.0,22.0
49610.0,22.0
49620.0,23.0
49630.0,23.0
49640.0,23.0
49650.0,24.0
49660.0,24.0
49670.0,24.0
49680.0,25.0
49690.0,25.0
49700.0,25.0
49710.0,26.0
49720.0,26.0
49730.0,26.0
49740.0,27.0
49750.0,27.0
49760.0,27.0
49770.0,28.0
49780.0,28.0
49790.0,28.0
49800.0,29.0
49810.0,29.0
49820.0,29.0
49830.0,30.0
49840.0,30.0
49850.0,30.0
49860.0,22.0
49870.0,23.0
49880.0,23.0
49890.0,23.0
49900.0,23.0
49910.0,23.0
49920.0,24.0
49930.0,24.0
49940.0,24.0
49950.0,25.0
49960.0,25.0
49970.0,26.0
49980.0,26.0
49990.0,26.0
50000.0,27.0
50010.0,27.0
50020.0,27.0
50030.0,28.0
50040.0,28.0
50050.0,29.0
50060.0,29.0
50070.0,29.0
50080.0,30.0
50090.0,30.0
50100.0,30.0
50110.0,31.0
50120.0,31.0
50130.0,32.0
50140.0,32.0
50150.0,32.0
50160.0,33.0
50170.0,33.0
50180.0,33.0
50190.0,24.0
50200.0,20.0
50210.0,13.0
50220.0,1.0
50230.0,2.0
50240.0,2.0
50250.0,2.0
50260.0,3.0
50270.0,3.0
50280.0,4.0
50290.0,4.0
50300.0,5.0
50310.0,5.0
50320.0,5.0
50330.0,6.0
50340.0,6.0
50350.0,7.0
50360.0,7.0
50370.0,8.0
50380.0,8.0
50390.0,8.0
50400.0,9.0
50410.0,9.0
50420.0,10.0
50430.0,10.0
50440.0,11.0
50450.0,10.0
50460.0,11.0
50470.0,11.0
50480.0,11.0
50490.0,12.0
50500.0,12.0
50510.0,13.0
50520.0,13.0
50530.0,14.0
50540.0,14.0
50550.0,14.0
50560.0,15.0
50570.0,15.0
50580.0,16.0
50590.0,16.0
50600.0,17.0
50610.0,17.0
50620.0,18.0
50630.0,18.0
50640.0,18.0
50650.0,19.0
50660.0,19.0
50670.0,20.0
50680.0,20.0
50690.0,21.0
50700.0,21.0
50710.0,21.0
50720.0,22.0
50730.0,22.0
50740.0,23.0
50750.0,23.0
50760.0,24.0
50770.0,24.0
50780.0,25.0
50790.0,25.0
50800.0,25.0
50810.0,26.0
50820.0,26.0
50830.0,27.0
50840.0,27.0
50850.0,28.0
50860.0,28.0
50870.0,28.0
50880.0,29.0
50890.0,29.0
50900.0,30.0
50910.0,30.0
50920.0,31.0
50930.0,31.0
50940.0,32.0
50950.0,32.0
50960.0,32.0
50970.0,33.0
50980.0,33.0
50990.0,34.0
51000.0,33.0
51010.0,34.0
51020.0,34.0
51030.0,34.0
51040.0,35.0
51050.0,35.0
51060.0,36.0
51070.0,36.0
51080.0,37.0
51090.0,37.0
51100.0,37.0
51110.0,38.0
51120.0,38.0
51130.0,39.0
51140.0,39.0
51150.0,40.0
51160.0,40.0
51170.0,41.0
51180.0,41.0
51190.0,41.0
51200.0,42.0
51210.0,42.0
51220.0,43.0
51230.0,43.0
51240.0,44.0
51250.0,44.0
51260.0,44.0
51270.0,45.0
51280.0,45.0
51290.0,46.0
51300.0,46.0
51310.0,47.0
51320.0,47.0
51330.0,47.0
51340.0,48.0
51350.0,48.0
51360.0,49.0
51370.0,49.0
51380.0,50.0
51390.0,50.0
51400.0,50.0
51410.0,50.0
51420.0,50.0
51430.0,50.0
51440.0,50.0
51450.0,50.0
51460.0,50.0
51470.0,50.0
51480.0,50.0
51490.0,50.0
51500.0,50.0
51510.0,50.0
51520.0,50.0
51530.0,50.0
51540.0,50.0
51550.0,50.0
51560.0,50.0
51570.0,50.0
51580.0,50.0
51590.0,50.0
51600.0,50.0
51610.0,50.0
51620.0,50.0
51630.0,50.0
51640.0,50.0
51650.0,50.0
51660.0,50.0
51670.0,50.0
51680.0,50.0
51690.0,50.0
51700.0,49.0
51710.0,49.0
51720.0,50.0
51730.0,50.0
51740.0,50.0
51750.0,50.0
51760.0,50.0
51770.0,50.0
51780.0,50.0
51790.0,50.0
51800.0,50.0
51810.0,50.0
51820.0,50.0
51830.0,50.0
51840.0,50.0
51850.0,50.0
51860.0,50.0
51870.0,50.0
51880.0,50.0
51890.0,50.0
51900.0,50.0
51910.0,50.0
51920.0,50.0
51930.0,50.0
51940.0,50.0
51950.0,50.0
51960.0,50.0
51970.0,50.0
51980.0,50.0
51990.0,50.0
52000.0,50.0
52010.0,50.0
52020.0,50.0
52030.0,50.0
52040.0,50.0
52050.0,49.0
52060.0,49.0
