Timestamp: 27 Nov 2018, 09:55:25
AVG_DAYS_FOR_AUDIT: 180
LOGS_NAME: experiment_9
MONOPOLY_THRESHOLD: 0.5
NUM_BROKERS: 5
NUM_CONSUMERS: 50
NUM_PRODUCERS: 30
PERCENT_CONSUMED_ENERGY: 0.9
PERCENT_ECO_CONSUMERS: 0.2
PERCENT_LAZY_CONSUMERS: 0.6
STORE_RECORDS: true


"tick","SatisfiedConsumers"
10.0,0.0
20.0,0.0
30.0,0.0
40.0,0.0
50.0,0.0
60.0,0.0
70.0,0.0
80.0,0.0
90.0,0.0
100.0,0.0
110.0,0.0
120.0,0.0
130.0,0.0
140.0,0.0
150.0,1.0
160.0,1.0
170.0,2.0
180.0,2.0
190.0,3.0
200.0,3.0
210.0,3.0
220.0,4.0
230.0,3.0
240.0,4.0
250.0,4.0
260.0,5.0
270.0,5.0
280.0,6.0
290.0,6.0
300.0,7.0
310.0,7.0
320.0,8.0
330.0,8.0
340.0,9.0
350.0,9.0
360.0,10.0
370.0,10.0
380.0,11.0
390.0,11.0
400.0,12.0
410.0,12.0
420.0,13.0
430.0,13.0
440.0,13.0
450.0,14.0
