,0,1,2,3,4,5,6,7,8,9,10,11,12,13,14
LazyConsumer,14.0,0.0,109.877205,15.0,0.64512676,109.877205,15.0,0.64512676,94.19129,16.0,0.0,222.56909,16.0,0.0,161.55495
LazyConsumer,15.0,0.0,264.80182,16.0,0.0,104.65658,16.0,0.0,144.01389,15.0,0.0,264.80182,16.0,0.0,104.65658
Consumer,15.0,0.0,233.20592,16.0,0.64512676,108.16654,15.0,0.0,171.6042,15.0,0.0,233.20592,16.0,0.0,108.16654
LazyConsumer,11.0,1.0,217.70622,13.0,1.0,160.8633,14.0,0.0,217.70622,14.0,0.0,113.71895,15.0,0.0,108.07405
LazyConsumer,11.0,1.0,114.947815,14.0,0.0,237.95168,15.0,0.0,127.440186,15.0,0.0,127.440186,14.0,0.0,127.440186
LazyConsumer,15.0,0.64512676,297.59872,15.0,0.0,231.93533,15.0,0.0,297.59872,16.0,0.0,173.04623,15.0,0.0,231.93533
EcologicalConsumer,16.0,0.64512676,195.2332,15.0,0.0,320.0625,14.0,0.64512676,144.97241,15.0,0.64512676,254.40323,14.0,0.64512676,144.97241
LazyConsumer,15.0,0.0,98.71677,12.0,1.0,185.55054,14.0,1.0,98.71677,14.0,0.0,98.71677,15.0,0.64512676,115.316956
EcologicalConsumer,14.0,0.0,116.21101,15.0,0.64512676,168.40428,14.0,0.64512676,113.600174,15.0,0.0,168.40428,16.0,0.0,92.021736
LazyConsumer,15.0,0.0,102.0049,15.0,0.0,111.83023,15.0,0.0,102.0049,15.0,0.0,111.83023,14.0,0.64512676,219.58597
LazyConsumer,16.0,0.0,153.44705,15.0,0.0,336.40005,14.0,0.64512676,153.44705,15.0,0.0,336.40005,15.0,0.64512676,270.07037
EcologicalConsumer,15.0,0.64512676,187.88295,15.0,0.64512676,252.23996,16.0,0.0,99.95999,15.0,0.64512676,187.88295,16.0,0.0,133.86934
LazyConsumer,14.0,0.64512676,98.37174,14.0,0.0,191.00262,15.0,0.64512676,98.37174,14.0,0.64512676,90.873535,15.0,0.0,98.37174
Consumer,11.0,1.0,110.57124,11.0,1.0,110.57124,12.0,1.0,152.10852,15.0,0.0,327.6614,16.0,0.0,202.80533
LazyConsumer,15.0,0.0,106.06602,14.0,0.64512676,105.076164,15.0,0.64512676,106.06602,14.0,0.0,105.076164,16.0,0.0,150.08331
LazyConsumer,15.0,0.0,241.10786,15.0,0.0,177.67386,15.0,0.0,241.10786,14.0,0.64512676,100.02,15.0,0.0,177.67386
LazyConsumer,15.0,0.0,117.20068,15.0,0.64512676,96.337944,15.0,0.0,117.20068,16.0,0.0,126.253716,15.0,0.0,96.337944
EcologicalConsumer,15.0,0.64512676,219.82266,15.0,0.0,285.11224,15.0,0.0,219.82266,14.0,0.64512676,285.11224,14.0,0.0,117.413795
EcologicalConsumer,15.0,0.0,103.00485,15.0,0.0,158.00316,14.0,0.64512676,113.85078,15.0,0.64512676,103.00485,14.0,0.64512676,113.85078
Consumer,11.0,1.0,290.6424,14.0,0.0,96.87621,15.0,0.0,116.0431,14.0,0.42880082,168.5853,14.0,0.0,116.0431
Consumer,15.0,0.64512676,327.6614,15.0,0.0,262.01718,15.0,0.0,327.6614,16.0,0.0,152.10852,15.0,0.0,327.6614
LazyConsumer,16.0,0.64512676,108.07405,15.0,0.0,113.71895,15.0,0.0,83.02409,14.0,0.64512676,160.8633,15.0,0.0,83.02409
LazyConsumer,16.0,0.0,181.1077,15.0,0.0,239.92708,15.0,0.0,239.92708,15.0,0.0,305.52905,16.0,0.0,132.32158
LazyConsumer,15.0,0.0,98.71677,15.0,0.0,115.316956,16.0,0.0,131.64346,15.0,0.0,115.316956,15.0,0.0,98.71677
LazyConsumer,14.0,0.64512676,100.02,15.0,0.0,177.67386,14.0,0.64512676,241.10786,15.0,0.64512676,177.67386,16.0,0.0,126.66886
EcologicalConsumer,15.0,0.0,260.64728,15.0,0.64512676,196.41283,15.0,0.64512676,260.64728,16.0,0.0,107.15409,15.0,0.64512676,196.41283
LazyConsumer,14.0,0.64512676,124.65151,14.0,0.64512676,297.59872,15.0,0.64512676,231.93533,14.0,0.0,297.59872,14.0,0.64512676,231.93533
LazyConsumer,11.0,1.0,91.591484,13.0,1.0,124.65151,12.0,1.0,124.65151,14.0,0.44920886,297.59872,14.0,0.0,173.04623
LazyConsumer,15.0,0.0,105.076164,16.0,0.64512676,208.06248,15.0,0.0,106.06602,15.0,0.0,105.076164,15.0,0.0,106.06602
EcologicalConsumer,15.0,0.0,158.00316,14.0,0.0,158.00316,15.0,0.64512676,103.00485,14.0,0.0,158.00316,16.0,0.0,84.14868
LazyConsumer,16.0,0.64512676,97.80082,15.0,0.0,245.817,16.0,0.0,97.80082,14.0,0.64512676,97.80082,15.0,0.0,245.817
Consumer,15.0,0.0,176.9548,16.0,0.0,88.45903,15.0,0.0,118.82761,15.0,0.0,176.9548,15.0,0.0,118.82761
LazyConsumer,14.0,0.0,100.02,12.0,0.9285606,100.02,14.0,1.0,177.67386,14.0,0.0,177.67386,15.0,0.64512676,241.10786
EcologicalConsumer,15.0,0.0,100.17984,14.0,0.64512676,200.47943,15.0,0.0,100.17984,14.0,0.64512676,103.36827,15.0,0.64512676,100.17984
LazyConsumer,14.0,0.64512676,161.64467,15.0,0.0,94.13288,14.0,0.64512676,126.751724,15.0,0.64512676,94.13288,16.0,0.0,112.898186
LazyConsumer,11.0,1.0,110.94143,15.0,0.0,267.4416,13.0,0.83057034,267.4416,15.0,0.0,333.30466,15.0,0.64512676,267.4416
EcologicalConsumer,15.0,0.0,252.23996,16.0,0.0,99.95999,14.0,0.64512676,99.95999,15.0,0.0,252.23996,14.0,0.0,99.95999
LazyConsumer,16.0,0.0,92.43917,14.0,0.64512676,112.507774,15.0,0.64512676,117.923706,15.0,0.0,174.02586,15.0,0.0,117.923706
LazyConsumer,14.0,0.0,93.30059,15.0,0.44920886,244.26625,12.0,1.0,133.00375,15.0,0.0,310.22733,15.0,0.0,244.26625
LazyConsumer,11.0,1.0,105.550934,14.0,0.83057034,241.10786,14.0,0.0,105.550934,13.0,0.9542589,100.02,14.0,0.44920886,241.10786
Consumer,16.0,0.0,214.7091,15.0,0.0,105.30432,16.0,0.0,156.20819,15.0,0.0,110.45361,15.0,0.0,105.30432
EcologicalConsumer,15.0,0.0,108.63241,16.0,0.64512676,105.26158,15.0,0.64512676,108.63241,15.0,0.0,154.20766,15.0,0.0,108.63241
Consumer,15.0,0.64512676,131.89389,14.0,0.0,112.78741,15.0,0.0,131.89389,14.0,0.64512676,131.89389,15.0,0.0,112.78741
LazyConsumer,14.0,0.64512676,115.316956,14.0,0.0,185.55054,15.0,0.64512676,115.316956,16.0,0.0,131.64346,12.0,1.0,115.316956
LazyConsumer,13.0,0.9542589,219.58597,15.0,0.0,111.83023,15.0,0.0,160.07811,15.0,0.0,102.0049,15.0,0.0,102.0049
Consumer,15.0,0.0,112.78741,15.0,0.64512676,131.89389,15.0,0.0,112.78741,14.0,0.64512676,242.40462,14.0,0.64512676,112.78741
LazyConsumer,13.0,1.0,111.0,14.0,0.44920886,195.81624,14.0,0.0,111.0,14.0,0.0,137.90215,15.0,0.64512676,195.81624
LazyConsumer,14.0,0.64512676,114.236595,14.0,0.0,114.236595,14.0,0.0,169.4609,15.0,0.0,88.45903,15.0,0.0,114.236595
EcologicalConsumer,16.0,0.0,162.2498,15.0,0.0,285.11224,15.0,0.0,219.82266,16.0,0.0,117.413795,15.0,0.0,285.11224
EcologicalConsumer,11.0,1.0,92.0489,13.0,0.9542589,117.413795,15.0,0.0,162.2498,15.0,0.6798929,219.82266,14.0,0.0,162.2498
EcologicalConsumer,14.0,0.64512676,320.0625,15.0,0.64512676,254.40323,16.0,0.0,195.2332,15.0,0.64512676,320.0625,16.0,0.0,195.2332
EcologicalConsumer,15.0,0.0,113.600174,15.0,0.0,168.40428,15.0,0.0,113.600174,14.0,0.64512676,116.21101,15.0,0.0,168.40428
LazyConsumer,15.0,0.0,135.47325,15.0,0.0,195.8622,15.0,0.0,135.47325,15.0,0.0,195.8622,15.0,0.0,135.47325
EcologicalConsumer,15.0,0.0,188.34543,15.0,0.0,130.90837,14.0,0.64512676,188.34543,14.0,0.0,110.69327,15.0,0.64512676,188.34543
LazyConsumer,16.0,0.64512676,116.38728,15.0,0.64512676,88.45903,16.0,0.0,116.38728,15.0,0.0,114.236595,16.0,0.64512676,116.38728
LazyConsumer,15.0,0.64512676,90.873535,15.0,0.0,98.37174,16.0,0.64512676,191.00262,15.0,0.0,90.873535,16.0,0.0,191.00262
LazyConsumer,15.0,0.0,117.20068,16.0,0.0,179.17868,15.0,0.0,96.337944,16.0,0.0,179.17868,15.0,0.64512676,96.337944
LazyConsumer,14.0,0.0,241.10786,16.0,0.0,126.66886,12.0,1.0,241.10786,12.0,1.0,241.10786,16.0,0.59118944,126.66886
LazyConsumer,15.0,0.77632827,83.02409,15.0,0.0,113.71895,16.0,0.0,160.8633,15.0,0.0,83.02409,15.0,0.0,113.71895
LazyConsumer,14.0,0.64512676,128.22246,14.0,0.0,145.08618,15.0,0.0,87.09765,15.0,0.0,87.09765,15.0,0.0,128.22246
LazyConsumer,14.0,0.64512676,138.40881,15.0,0.0,86.977005,14.0,0.64512676,131.52946,14.0,0.0,138.40881,16.0,0.0,93.03763
EcologicalConsumer,14.0,0.0,219.82266,15.0,0.64512676,285.11224,16.0,0.0,117.413795,15.0,0.64512676,219.82266,15.0,0.0,285.11224
LazyConsumer,16.0,0.0,127.440186,15.0,0.0,237.95168,15.0,0.0,175.57335,16.0,0.64512676,127.440186,15.0,0.0,237.95168
EcologicalConsumer,14.0,0.64512676,130.90837,16.0,0.0,99.68952,14.0,0.0,130.90837,12.0,1.0,188.34543,14.0,0.0,130.90837
LazyConsumer,15.0,0.0,105.076164,14.0,0.64512676,208.06248,15.0,0.0,105.076164,14.0,0.0,208.06248,15.0,0.0,105.076164
LazyConsumer,15.0,0.0,128.22246,16.0,0.64512676,145.08618,15.0,0.0,87.09765,16.0,0.0,145.08618,15.0,0.0,128.22246
EcologicalConsumer,15.0,0.64512676,113.600174,15.0,0.64512676,113.600174,15.0,0.0,168.40428,16.0,0.0,92.021736,15.0,0.0,168.40428
LazyConsumer,11.0,1.0,193.98196,13.0,1.0,144.31216,14.0,0.44920886,147.98987,12.0,1.0,144.31216,15.0,0.0,147.98987
LazyConsumer,15.0,0.0,333.30466,14.0,0.64512676,155.32225,15.0,0.0,333.30466,14.0,0.0,155.32225,15.0,0.0,333.30466
EcologicalConsumer,14.0,0.64512676,105.30432,14.0,0.64512676,219.54498,14.0,0.0,105.30432,15.0,0.0,158.67262,16.0,0.0,115.60277
Consumer,11.0,1.0,273.76083,11.0,1.0,273.76083,14.0,0.0,105.30432,15.0,0.0,110.45361,15.0,0.0,110.45361
EcologicalConsumer,11.0,1.0,189.15602,11.0,1.0,189.15602,14.0,0.83057034,154.20766,14.0,0.0,189.15602,14.0,0.0,154.20766
LazyConsumer,16.0,0.0,92.43917,15.0,0.0,117.923706,15.0,0.0,174.02586,16.0,0.64512676,92.43917,15.0,0.64512676,117.923706
EcologicalConsumer,15.0,0.0,108.63241,15.0,0.0,154.20766,16.0,0.0,141.11343,15.0,0.0,154.20766,16.0,0.64512676,141.11343
LazyConsumer,15.0,0.0,239.92708,14.0,0.64512676,132.32158,15.0,0.0,305.52905,14.0,0.0,132.32158,15.0,0.0,305.52905
EcologicalConsumer,14.0,0.64512676,141.11343,15.0,0.0,108.63241,14.0,0.64512676,154.20766,14.0,0.0,141.11343,14.0,0.0,154.20766
Consumer,15.0,0.0,116.0431,15.0,0.0,96.87621,16.0,0.0,168.5853,14.0,0.0,116.0431,14.0,0.06775651,168.5853
EcologicalConsumer,16.0,0.0,142.42542,15.0,0.0,260.64728,16.0,0.0,107.15409,14.0,0.64512676,107.15409,15.0,0.0,260.64728
LazyConsumer,15.0,0.0,104.40307,15.0,0.0,92.02717,16.0,0.64512676,186.79668,15.0,0.0,104.40307,14.0,0.0,186.79668
LazyConsumer,14.0,0.0,153.44705,15.0,0.0,336.40005,14.0,0.64512676,153.44705,15.0,0.0,270.07037,14.0,0.64512676,336.40005
LazyConsumer,11.0,1.0,104.292854,13.0,0.9542589,153.44705,15.0,0.0,270.07037,12.0,1.0,153.44705,14.0,0.0,208.65521
Consumer,14.0,0.64512676,229.78687,15.0,0.0,116.0431,14.0,0.64512676,96.87621,15.0,0.64512676,116.0431,16.0,0.0,168.5853
EcologicalConsumer,13.0,0.9542589,141.11343,15.0,0.0,105.26158,15.0,0.0,154.20766,15.0,0.64512676,108.63241,15.0,0.64512676,154.20766
LazyConsumer,15.0,0.6798929,111.89281,15.0,0.0,162.11415,15.0,0.0,162.11415,16.0,0.0,130.0,15.0,0.64512676,111.89281
LazyConsumer,14.0,0.0,144.31216,15.0,0.0,104.35516,15.0,0.0,147.98987,16.0,0.0,105.30432,10.0,1.0,147.98987
LazyConsumer,11.0,1.0,266.86514,15.0,0.6798929,150.08331,12.0,1.0,208.06248,12.0,1.0,208.06248,14.0,0.0,150.08331
LazyConsumer,14.0,0.0,145.08618,15.0,0.0,87.09765,15.0,0.0,128.22246,14.0,0.64512676,145.08618,15.0,0.0,87.09765
LazyConsumer,15.0,0.0,175.57335,15.0,0.0,175.57335,14.0,0.64512676,237.95168,14.0,0.0,105.801704,15.0,0.0,175.57335
LazyConsumer,15.0,0.0,131.52946,16.0,0.0,93.03763,12.0,1.0,131.52946,14.0,0.0,86.977005,16.0,0.59118944,93.03763
Consumer,11.0,1.0,120.93387,14.0,0.83057034,233.20592,14.0,0.0,120.93387,14.0,0.0,233.20592,13.0,0.9542589,108.16654
EcologicalConsumer,11.0,1.0,99.20181,14.0,0.83057034,260.64728,13.0,1.0,107.15409,14.0,0.44920886,260.64728,14.0,0.42880082,142.42542
LazyConsumer,11.0,1.0,99.00505,13.0,1.0,97.80082,15.0,0.0,128.72452,14.0,1.0,181.72781,14.0,0.0,181.72781
LazyConsumer,16.0,0.0,207.53795,12.0,1.0,333.30466,16.0,0.59118944,207.53795,11.0,1.0,267.4416,15.0,0.59118944,333.30466
EcologicalConsumer,14.0,0.42880082,92.96236,14.0,0.0,92.96236,15.0,0.0,151.55856,16.0,0.0,92.96236,15.0,0.64512676,151.55856
LazyConsumer,14.0,0.64512676,199.52945,14.0,0.0,91.67879,15.0,0.64512676,199.52945,14.0,0.64512676,137.80058,15.0,0.0,199.52945
Consumer,15.0,0.0,171.6042,14.0,1.0,108.16654,14.0,0.0,108.16654,14.0,0.0,108.16654,14.0,0.0,125.670204
Consumer,16.0,0.64512676,156.84706,15.0,0.0,95.7549,15.0,0.0,95.7549,16.0,0.0,156.84706,15.0,0.0,131.60547
Consumer,14.0,1.0,208.40585,14.0,0.0,208.40585,15.0,0.64512676,273.16296,15.0,0.64512676,273.16296,15.0,0.0,208.40585
EcologicalConsumer,15.0,0.64512676,196.41283,14.0,0.0,260.64728,16.0,0.0,142.42542,14.0,0.64512676,196.41283,15.0,0.0,260.64728
EcologicalConsumer,16.0,0.0,115.60277,15.0,0.0,158.67262,16.0,0.0,105.30432,15.0,0.0,219.54498,15.0,0.64512676,158.67262
EcologicalConsumer,14.0,0.44920886,219.54498,15.0,0.0,115.60277,14.0,0.0,115.60277,15.0,0.64512676,158.67262,15.0,0.64512676,219.54498
LazyConsumer,15.0,0.0,94.19129,15.0,0.0,109.877205,16.0,0.0,161.55495,14.0,0.0,222.56909,15.0,0.0,94.19129
Consumer,16.0,0.64512676,156.20819,15.0,0.0,105.30432,15.0,0.0,110.45361,14.0,0.64512676,214.7091,14.0,0.64512676,105.30432
LazyConsumer,14.0,0.0,98.005104,15.0,0.64512676,128.22246,15.0,0.0,87.09765,15.0,0.0,128.22246,16.0,0.0,145.08618
LazyConsumer,14.0,0.64512676,113.71895,15.0,0.64512676,83.02409,16.0,0.0,108.07405,15.0,0.0,83.02409,16.0,0.0,108.07405
LazyConsumer,15.0,0.0,111.89281,15.0,0.0,111.89281,15.0,0.0,162.11415,16.0,0.0,99.724625,11.0,1.0,111.89281
LazyConsumer,15.0,0.0,113.71895,15.0,0.64512676,83.02409,15.0,0.0,113.71895,16.0,0.64512676,160.8633,15.0,0.0,83.02409
Consumer,15.0,0.64512676,96.87621,16.0,0.0,229.78687,15.0,0.0,96.87621,16.0,0.64512676,229.78687,15.0,0.0,116.0431
LazyConsumer,13.0,0.9542589,98.37174,15.0,0.0,135.47325,14.0,0.0,96.38464,15.0,0.64512676,135.47325,15.0,0.64512676,135.47325
Consumer,14.0,0.0,125.670204,15.0,0.64512676,233.20592,15.0,0.0,171.6042,15.0,0.0,233.20592,15.0,0.64512676,171.6042
EcologicalConsumer,14.0,0.0,100.17984,15.0,0.0,103.36827,15.0,0.0,100.17984,16.0,0.0,142.76204,15.0,0.64512676,100.17984
LazyConsumer,14.0,0.0,160.07811,15.0,0.64512676,102.0049,16.0,0.0,219.58597,15.0,0.0,102.0049,16.0,0.64512676,219.58597
EcologicalConsumer,15.0,0.0,101.53325,15.0,0.0,151.55856,15.0,0.64512676,101.53325,15.0,0.0,151.55856,16.0,0.0,92.96236
Consumer,16.0,0.0,182.49658,14.0,0.0,131.89389,14.0,0.06775651,182.49658,11.0,1.0,131.89389,16.0,0.0,182.49658
Consumer,15.0,0.64512676,153.91231,15.0,0.64512676,214.03271,15.0,0.0,153.91231,15.0,0.0,214.03271,16.0,0.0,113.14592
LazyConsumer,16.0,0.0,117.59677,15.0,0.64512676,224.66197,14.0,0.64512676,163.00307,15.0,0.0,224.66197,16.0,0.59118944,117.59677
LazyConsumer,15.0,0.0,195.8622,14.0,0.64512676,98.37174,15.0,0.0,195.8622,15.0,0.64512676,135.47325,16.0,0.0,96.38464
LazyConsumer,14.0,0.64512676,222.56909,15.0,0.0,109.877205,14.0,0.64512676,94.19129,15.0,0.64512676,109.877205,16.0,0.0,161.55495
LazyConsumer,14.0,0.64512676,191.00262,15.0,0.0,98.37174,15.0,0.64512676,90.873535,15.0,0.0,98.37174,14.0,0.64512676,191.00262
LazyConsumer,15.0,0.0,117.20068,14.0,0.64512676,179.17868,14.0,0.64512676,117.20068,14.0,0.0,179.17868,15.0,0.0,96.337944
LazyConsumer,15.0,0.0,86.977005,16.0,0.64512676,93.03763,15.0,0.64512676,86.977005,14.0,0.64512676,138.40881,15.0,0.64512676,86.977005
LazyConsumer,15.0,0.0,104.40307,14.0,0.64512676,186.79668,15.0,0.0,104.40307,14.0,0.64512676,104.40307,14.0,0.0,186.79668
EcologicalConsumer,13.0,1.0,117.79643,14.0,0.83057034,290.0017,13.0,0.9542589,117.79643,15.0,0.0,224.3212,12.0,1.0,117.79643
LazyConsumer,11.0,1.0,283.36548,13.0,1.0,222.56909,13.0,0.9542589,222.56909,14.0,0.44920886,94.19129,12.0,1.0,222.56909
Consumer,15.0,0.64512676,131.60547,15.0,0.64512676,131.60547,16.0,0.0,156.84706,15.0,0.64512676,95.7549,15.0,0.0,131.60547
LazyConsumer,11.0,1.0,104.0769,14.0,0.0,283.09717,13.0,0.9542589,123.66487,15.0,0.0,218.7167,14.0,0.0,123.66487
EcologicalConsumer,16.0,0.0,99.68952,15.0,0.0,188.34543,15.0,0.0,130.90837,15.0,0.0,188.34543,15.0,0.0,130.90837
LazyConsumer,13.0,1.0,138.40881,14.0,0.83057034,131.52946,13.0,0.9542589,138.40881,15.0,0.0,93.03763,14.0,1.0,138.40881
Consumer,14.0,0.64512676,107.05606,14.0,0.64512676,214.03271,14.0,0.0,107.05606,15.0,0.64512676,214.03271,16.0,0.0,113.14592
LazyConsumer,15.0,0.0,126.253716,14.0,1.0,96.337944,15.0,0.64512676,96.337944,15.0,0.64512676,117.20068,16.0,0.0,179.17868
Consumer,15.0,0.0,208.40585,14.0,0.64512676,273.16296,15.0,0.64512676,208.40585,16.0,0.0,152.61061,15.0,0.0,273.16296
EcologicalConsumer,14.0,0.0,128.22246,15.0,0.0,151.55856,14.0,0.64512676,128.22246,15.0,0.0,151.55856,15.0,0.64512676,101.53325
Consumer,15.0,0.64512676,176.9548,15.0,0.0,118.82761,16.0,0.0,88.45903,15.0,0.0,176.9548,15.0,0.64512676,118.82761
Consumer,11.0,1.0,146.20876,13.0,1.0,104.70912,15.0,0.0,118.82761,13.0,0.44920886,118.82761,14.0,0.0,88.45903
EcologicalConsumer,14.0,0.42880082,84.14868,14.0,1.0,103.00485,15.0,0.64512676,158.00316,15.0,0.0,103.00485,15.0,0.0,158.00316
EcologicalConsumer,16.0,0.64512676,99.68952,15.0,0.0,188.34543,15.0,0.0,188.34543,15.0,0.64512676,130.90837,15.0,0.0,188.34543
LazyConsumer,11.0,1.0,123.04471,14.0,0.83057034,199.52945,13.0,0.9542589,91.67879,14.0,0.44920886,199.52945,14.0,0.0,94.82616
Consumer,11.0,1.0,210.23796,14.0,0.83057034,131.60547,14.0,0.0,210.23796,12.0,0.9285606,156.84706,15.0,0.64512676,95.7549
EcologicalConsumer,15.0,0.0,290.0017,15.0,0.0,224.3212,15.0,0.0,224.3212,15.0,0.0,290.0017,14.0,0.64512676,117.79643
LazyConsumer,13.0,1.0,179.17868,14.0,0.83057034,117.20068,14.0,0.0,235.37204,13.0,0.9542589,179.17868,14.0,0.44920886,117.20068
EcologicalConsumer,11.0,1.0,105.10947,13.0,1.0,144.97241,15.0,0.0,254.40323,14.0,0.0,195.2332,14.0,0.0,144.97241
LazyConsumer,15.0,0.0,310.22733,15.0,0.64512676,244.26625,15.0,0.0,310.22733,16.0,0.0,184.29596,15.0,0.0,244.26625
Consumer,15.0,0.0,208.40585,14.0,0.64512676,112.37882,15.0,0.0,273.16296,15.0,0.64512676,208.40585,14.0,0.64512676,112.37882
LazyConsumer,14.0,0.64512676,133.00375,14.0,0.64512676,310.22733,15.0,0.64512676,244.26625,14.0,0.0,310.22733,16.0,0.0,184.29596
LazyConsumer,15.0,0.0,177.67386,15.0,0.0,241.10786,15.0,0.64512676,177.67386,15.0,0.0,241.10786,16.0,0.0,126.66886
Consumer,15.0,0.64512676,110.45361,16.0,0.0,156.20819,15.0,0.64512676,105.30432,14.0,0.64512676,110.45361,15.0,0.0,105.30432
LazyConsumer,15.0,0.0,283.09717,15.0,0.64512676,218.7167,15.0,0.0,283.09717,16.0,0.64512676,123.66487,15.0,0.0,218.7167
LazyConsumer,16.0,0.0,207.53795,15.0,0.0,267.4416,15.0,0.0,333.30466,16.0,0.0,155.32225,15.0,0.64512676,267.4416
LazyConsumer,14.0,0.0,175.57335,15.0,0.0,237.95168,16.0,0.0,127.440186,15.0,0.64512676,237.95168,16.0,0.0,105.801704
Consumer,14.0,0.64512676,108.16654,14.0,0.64512676,233.20592,14.0,0.0,108.16654,15.0,0.0,171.6042,16.0,0.0,125.670204
Consumer,11.0,1.0,302.10098,14.0,0.0,112.78741,13.0,0.9542589,242.40462,15.0,0.0,112.78741,14.0,0.0,242.40462
EcologicalConsumer,11.0,1.0,259.2547,14.0,0.83057034,103.36827,13.0,0.9542589,200.47943,14.0,0.44920886,103.36827,12.0,1.0,200.47943
Consumer,11.0,1.0,131.03435,15.0,0.0,113.14592,15.0,0.0,214.03271,12.0,0.9285606,107.05606,15.0,0.0,214.03271
LazyConsumer,15.0,0.0,94.13288,15.0,0.0,126.751724,15.0,0.64512676,94.13288,15.0,0.0,126.751724,16.0,0.0,112.898186
EcologicalConsumer,14.0,0.64512676,108.63241,15.0,0.0,154.20766,16.0,0.0,105.26158,14.0,0.0,108.63241,16.0,0.59118944,105.26158
LazyConsumer,12.0,1.0,112.507774,14.0,1.0,117.923706,15.0,0.64512676,174.02586,16.0,0.64512676,92.43917,15.0,0.64512676,117.923706
Consumer,11.0,1.0,95.63472,13.0,0.9542589,112.37882,14.0,0.44920886,273.16296,14.0,0.0,112.37882,15.0,0.0,208.40585
LazyConsumer,11.0,1.0,91.78235,14.0,0.83057034,264.80182,13.0,0.9542589,104.65658,14.0,0.44920886,264.80182,15.0,1.0,144.01389
LazyConsumer,14.0,0.0,144.31216,15.0,0.0,104.35516,14.0,0.64512676,144.31216,15.0,0.0,104.35516,14.0,0.64512676,147.98987
LazyConsumer,15.0,0.0,94.13288,16.0,0.64512676,112.898186,15.0,0.0,126.751724,14.0,0.64512676,161.64467,15.0,0.64512676,94.13288
Consumer,15.0,0.0,273.16296,15.0,0.64512676,208.40585,15.0,0.0,273.16296,16.0,0.64512676,112.37882,15.0,0.0,273.16296
LazyConsumer,16.0,0.0,98.005104,12.0,1.0,128.22246,16.0,0.59118944,98.005104,15.0,0.59118944,128.22246,16.0,0.06775651,87.09765
EcologicalConsumer,15.0,0.64512676,103.00485,15.0,0.64512676,103.00485,15.0,0.0,158.00316,16.0,0.64512676,113.85078,15.0,0.0,158.00316
LazyConsumer,11.0,1.0,93.30059,11.0,1.0,93.30059,11.0,1.0,93.30059,13.0,1.0,133.00375,14.0,0.83057034,310.22733
LazyConsumer,15.0,0.64512676,333.30466,16.0,0.0,155.32225,15.0,0.0,333.30466,15.0,0.64512676,267.4416,15.0,0.0,333.30466
LazyConsumer,14.0,0.0,195.8622,14.0,0.64512676,135.47325,16.0,0.0,96.38464,14.0,0.0,135.47325,12.0,1.0,195.8622
LazyConsumer,15.0,0.0,102.0049,15.0,0.64512676,111.83023,14.0,0.64512676,219.58597,14.0,0.64512676,102.0049,15.0,0.64512676,111.83023
LazyConsumer,14.0,0.64512676,283.09717,14.0,0.0,123.66487,15.0,0.0,218.7167,16.0,0.0,163.6704,14.0,1.0,283.09717
EcologicalConsumer,15.0,0.64512676,224.3212,15.0,0.0,290.0017,14.0,0.64512676,117.79643,14.0,0.64512676,290.0017,14.0,0.0,117.79643
LazyConsumer,15.0,0.64512676,270.07037,16.0,0.0,208.65521,14.0,0.0,336.40005,14.0,0.64512676,336.40005,16.0,0.0,208.65521
EcologicalConsumer,15.0,0.0,320.0625,15.0,0.64512676,254.40323,15.0,0.0,320.0625,16.0,0.0,195.2332,15.0,0.0,320.0625
Consumer,15.0,0.0,95.7549,15.0,0.0,131.60547,14.0,0.64512676,156.84706,15.0,0.0,95.7549,14.0,0.64512676,131.60547
EcologicalConsumer,14.0,0.0,165.49623,15.0,0.64512676,290.0017,16.0,0.0,117.79643,15.0,0.0,290.0017,16.0,0.0,165.49623
LazyConsumer,15.0,0.0,297.59872,16.0,0.0,124.65151,15.0,0.0,297.59872,14.0,0.0,124.65151,15.0,0.64512676,231.93533
LazyConsumer,11.0,1.0,279.29376,14.0,0.83057034,102.0049,13.0,1.0,219.58597,14.0,0.6108195,279.29376,14.0,0.0,102.0049
LazyConsumer,16.0,0.0,91.67879,15.0,0.0,199.52945,16.0,0.0,94.82616,15.0,0.0,137.80058,15.0,0.0,199.52945
EcologicalConsumer,15.0,0.0,101.53325,16.0,0.0,128.22246,15.0,0.0,151.55856,14.0,0.64512676,128.22246,15.0,0.64512676,101.53325
LazyConsumer,15.0,0.0,195.81624,14.0,0.64512676,111.0,15.0,0.64512676,137.90215,14.0,0.64512676,111.0,15.0,0.0,195.81624
EcologicalConsumer,11.0,1.0,161.75598,13.0,1.0,113.85078,13.0,0.9542589,113.85078,14.0,0.44920886,158.00316,14.0,0.0,113.85078
EcologicalConsumer,11.0,1.0,147.2481,13.0,1.0,110.69327,14.0,0.83057034,188.34543,14.0,0.0,147.2481,14.0,0.0,110.69327
Consumer,15.0,0.0,96.87621,15.0,0.0,116.0431,15.0,0.0,96.87621,15.0,0.0,116.0431,15.0,0.0,96.87621
EcologicalConsumer,14.0,0.0,151.55856,16.0,0.0,92.96236,15.0,0.0,151.55856,16.0,0.0,92.96236,11.0,1.0,101.53325
LazyConsumer,15.0,0.64512676,224.66197,15.0,0.0,163.00307,16.0,0.0,117.59677,15.0,0.64512676,163.00307,15.0,0.0,224.66197
LazyConsumer,16.0,0.64512676,103.00485,15.0,0.0,224.66197,16.0,0.64512676,117.59677,15.0,0.64512676,163.00307,15.0,0.0,224.66197
Consumer,15.0,0.0,131.89389,15.0,0.0,112.78741,15.0,0.0,131.89389,15.0,0.0,112.78741,14.0,0.64512676,242.40462
Consumer,15.0,0.0,105.30432,15.0,0.64512676,110.45361,15.0,0.64512676,105.30432,15.0,0.0,110.45361,15.0,0.0,105.30432
LazyConsumer,15.0,0.0,98.37174,15.0,0.64512676,90.873535,15.0,0.64512676,98.37174,16.0,0.0,191.00262,15.0,0.0,98.37174
LazyConsumer,15.0,0.64512676,195.8622,15.0,0.0,135.47325,15.0,0.0,195.8622,15.0,0.64512676,135.47325,16.0,0.0,96.38464
LazyConsumer,11.0,1.0,216.00462,13.0,1.0,161.64467,15.0,0.0,112.898186,14.0,1.0,161.64467,14.0,0.0,112.898186
LazyConsumer,14.0,0.0,244.26625,14.0,0.0,244.26625,14.0,0.0,244.26625,10.0,1.0,310.22733,15.0,0.59118944,310.22733
LazyConsumer,15.0,0.0,310.22733,15.0,0.0,244.26625,14.0,0.64512676,133.00375,15.0,0.0,310.22733,15.0,0.64512676,244.26625
LazyConsumer,11.0,1.0,250.24188,13.0,1.0,191.00262,15.0,0.0,90.873535,15.0,0.6798929,90.873535,14.0,0.0,90.873535
LazyConsumer,14.0,1.0,86.977005,15.0,0.64512676,131.52946,15.0,0.0,86.977005,15.0,0.0,131.52946,16.0,0.0,93.03763
EcologicalConsumer,15.0,0.64512676,285.11224,16.0,0.0,162.2498,14.0,0.0,219.82266,14.0,0.06775651,162.2498,11.0,1.0,219.82266
EcologicalConsumer,14.0,0.64512676,187.88295,16.0,0.0,133.86934,12.0,1.0,252.23996,14.0,0.0,187.88295,10.0,1.0,252.23996
LazyConsumer,15.0,0.64512676,239.92708,15.0,0.64512676,305.52905,15.0,0.0,239.92708,15.0,0.0,305.52905,15.0,0.64512676,239.92708
EcologicalConsumer,11.0,1.0,96.462425,14.0,0.0,252.23996,15.0,0.0,187.88295,12.0,1.0,99.95999,15.0,0.0,252.23996
EcologicalConsumer,15.0,0.64512676,219.54498,15.0,0.0,158.67262,15.0,0.0,219.54498,15.0,0.64512676,158.67262,15.0,0.0,219.54498
LazyConsumer,15.0,0.64512676,104.35516,15.0,0.64512676,147.98987,16.0,0.0,144.31216,15.0,0.0,147.98987,16.0,0.0,105.30432
LazyConsumer,15.0,0.0,114.236595,14.0,1.0,169.4609,15.0,0.0,114.236595,14.0,0.0,116.38728,15.0,0.64512676,114.236595
LazyConsumer,15.0,0.0,267.4416,15.0,0.0,333.30466,14.0,0.0,155.32225,15.0,0.0,267.4416,15.0,0.0,333.30466
Consumer,12.0,1.0,242.40462,16.0,0.0,242.40462,15.0,0.64512676,131.89389,15.0,0.0,112.78741,16.0,0.64512676,242.40462
LazyConsumer,15.0,0.0,181.72781,16.0,0.0,128.72452,14.0,0.0,181.72781,12.0,1.0,245.817,16.0,0.59118944,128.72452
Consumer,15.0,0.0,233.20592,14.0,0.64512676,108.16654,15.0,0.0,233.20592,14.0,0.0,108.16654,15.0,0.0,171.6042
LazyConsumer,11.0,1.0,245.12038,14.0,0.83057034,104.40307,13.0,1.0,186.79668,14.0,0.6108195,245.12038,13.0,0.9542589,186.79668
EcologicalConsumer,12.0,1.0,116.21101,14.0,0.0,92.021736,15.0,0.64512676,168.40428,16.0,0.64512676,92.021736,15.0,0.0,168.40428
LazyConsumer,11.0,1.0,199.46178,13.0,1.0,145.08618,14.0,0.44920886,128.22246,15.0,0.6798929,87.09765,12.0,1.0,145.08618
LazyConsumer,15.0,0.0,199.52945,15.0,0.64512676,137.80058,15.0,0.64512676,199.52945,16.0,0.64512676,94.82616,15.0,0.0,199.52945
LazyConsumer,12.0,1.0,104.65658,15.0,0.0,264.80182,15.0,0.64512676,199.92249,15.0,0.64512676,264.80182,16.0,0.64512676,144.01389
LazyConsumer,14.0,0.64512676,174.02586,14.0,0.0,112.507774,15.0,0.0,117.923706,15.0,0.0,174.02586,16.0,0.59118944,92.43917
LazyConsumer,12.0,1.0,161.64467,14.0,0.0,112.898186,14.0,0.0,112.898186,14.0,0.0,94.13288,15.0,0.64512676,126.751724
LazyConsumer,15.0,0.64512676,105.076164,15.0,0.64512676,105.076164,15.0,0.0,106.06602,15.0,0.0,105.076164,16.0,0.0,208.06248
Consumer,15.0,0.0,214.03271,16.0,0.0,113.14592,14.0,0.0,153.91231,12.0,1.0,214.03271,16.0,0.59118944,113.14592
LazyConsumer,11.0,1.0,154.80634,13.0,1.0,112.507774,13.0,0.9542589,112.507774,15.0,0.0,92.43917,15.0,0.77632827,117.923706
EcologicalConsumer,15.0,0.0,224.3212,15.0,0.0,290.0017,14.0,0.0,224.3212,16.0,0.59118944,165.49623,10.0,1.0,290.0017
Consumer,14.0,0.0,171.6042,12.0,1.0,233.20592,14.0,0.0,171.6042,16.0,0.59118944,125.670204,15.0,0.59118944,233.20592
LazyConsumer,15.0,0.0,137.80058,15.0,0.64512676,137.80058,16.0,0.0,91.67879,15.0,0.64512676,137.80058,14.0,0.64512676,91.67879
LazyConsumer,16.0,0.0,186.79668,15.0,0.64512676,92.02717,15.0,0.0,104.40307,16.0,0.64512676,186.79668,15.0,0.0,92.02717
LazyConsumer,15.0,0.64512676,104.40307,16.0,0.0,130.23056,12.0,1.0,104.40307,14.0,0.0,92.02717,16.0,0.59118944,130.23056
LazyConsumer,15.0,0.0,162.11415,16.0,0.64512676,130.0,15.0,0.0,111.89281,16.0,0.64512676,99.724625,15.0,0.64512676,111.89281
LazyConsumer,15.0,0.64512676,245.817,16.0,0.64512676,128.72452,15.0,0.64512676,181.72781,15.0,0.64512676,181.72781,15.0,0.0,245.817
Consumer,14.0,0.0,156.84706,15.0,0.64512676,131.60547,16.0,0.0,110.145355,12.0,1.0,131.60547,16.0,0.59118944,110.145355
EcologicalConsumer,14.0,0.0,107.15409,15.0,0.0,196.41283,15.0,0.0,260.64728,15.0,0.0,196.41283,14.0,0.64512676,260.64728
Consumer,16.0,0.0,152.61061,12.0,1.0,273.16296,16.0,0.59118944,152.61061,11.0,1.0,208.40585,16.0,0.0,152.61061
LazyConsumer,15.0,0.0,130.23056,14.0,0.0,130.23056,15.0,0.0,104.40307,16.0,0.0,186.79668,15.0,0.0,104.40307
EcologicalConsumer,15.0,0.0,187.88295,14.0,0.64512676,99.95999,14.0,0.64512676,252.23996,14.0,0.0,99.95999,15.0,0.64512676,252.23996
LazyConsumer,15.0,0.64512676,336.40005,16.0,0.0,153.44705,15.0,0.0,336.40005,16.0,0.64512676,153.44705,15.0,0.0,270.07037
EcologicalConsumer,11.0,1.0,177.34148,14.0,0.83057034,151.55856,13.0,0.9542589,128.22246,14.0,0.44920886,151.55856,15.0,0.77632827,101.53325
EcologicalConsumer,11.0,1.0,160.42444,13.0,1.0,116.21101,14.0,0.83057034,168.40428,13.0,0.9542589,116.21101,15.0,0.0,92.021736
Consumer,15.0,0.64512676,118.82761,14.0,0.0,176.9548,16.0,0.0,88.45903,14.0,0.06775651,88.45903,11.0,1.0,118.82761
LazyConsumer,11.0,1.0,131.55228,13.0,1.0,98.37174,14.0,0.0,195.8622,14.0,0.0,131.55228,14.0,0.0,195.8622
LazyConsumer,11.0,1.0,242.1611,13.0,0.9542589,185.55054,13.0,1.0,185.55054,14.0,0.44920886,115.316956,14.0,0.44920886,115.316956
EcologicalConsumer,15.0,0.5969878,188.34543,12.0,1.0,110.69327,15.0,0.0,188.34543,15.0,0.64512676,130.90837,15.0,0.64512676,188.34543
LazyConsumer,16.0,0.0,123.66487,15.0,0.0,283.09717,15.0,0.64512676,218.7167,14.0,0.64512676,123.66487,15.0,0.0,218.7167
LazyConsumer,11.0,1.0,226.11943,13.0,1.0,169.4609,14.0,0.6108195,226.11943,14.0,0.0,114.236595,13.0,0.9542589,169.4609
Consumer,15.0,0.64512676,262.01718,15.0,0.0,327.6614,15.0,0.0,262.01718,14.0,0.64512676,327.6614,15.0,0.64512676,262.01718
LazyConsumer,16.0,0.0,131.64346,15.0,0.0,115.316956,15.0,0.64512676,98.71677,15.0,0.0,115.316956,15.0,0.0,98.71677
LazyConsumer,15.0,0.0,283.09717,14.0,0.0,218.7167,15.0,0.64512676,283.09717,16.0,0.64512676,163.6704,15.0,0.0,218.7167
LazyConsumer,11.0,1.0,120.37026,13.0,1.0,103.00485,15.0,0.0,117.59677,12.0,1.0,103.00485,15.0,0.64512676,163.00307
LazyConsumer,14.0,0.64512676,130.0,15.0,0.64512676,111.89281,14.0,0.64512676,130.0,15.0,0.0,162.11415,14.0,0.0,130.0
LazyConsumer,15.0,0.64512676,88.45903,14.0,0.64512676,169.4609,15.0,0.64512676,88.45903,15.0,0.0,114.236595,14.0,0.64512676,169.4609
LazyConsumer,11.0,1.0,97.015465,13.0,1.0,132.32158,15.0,0.0,239.92708,14.0,0.42880082,181.1077,15.0,0.0,305.52905
EcologicalConsumer,11.0,1.0,126.01587,14.0,0.83057034,219.54498,13.0,0.9542589,105.30432,14.0,0.44920886,219.54498,13.0,0.0,105.30432
Consumer,16.0,0.64512676,107.05606,15.0,0.0,214.03271,16.0,0.0,107.05606,15.0,0.0,153.91231,15.0,0.0,214.03271
LazyConsumer,14.0,0.0,111.0,15.0,0.0,137.90215,16.0,0.0,104.40307,10.0,1.0,195.81624,15.0,1.0,195.81624
LazyConsumer,14.0,0.0,97.80082,15.0,0.0,245.817,14.0,0.64512676,97.80082,14.0,0.64512676,245.817,14.0,0.0,97.80082
LazyConsumer,15.0,0.64512676,199.92249,15.0,0.0,264.80182,14.0,0.64512676,104.65658,14.0,0.64512676,264.80182,15.0,0.64512676,199.92249
LazyConsumer,16.0,0.64512676,104.40307,15.0,0.64512676,137.90215,16.0,0.0,104.40307,15.0,0.0,195.81624,15.0,0.0,137.90215
LazyConsumer,15.0,0.0,104.35516,16.0,0.64512676,105.30432,15.0,0.0,147.98987,14.0,0.64512676,144.31216,15.0,0.0,147.98987
Consumer,14.0,0.64512676,104.70912,15.0,0.64512676,118.82761,15.0,0.0,176.9548,14.0,0.64512676,104.70912,15.0,0.0,176.9548
LazyConsumer,15.0,0.0,237.95168,14.0,0.64512676,105.801704,15.0,0.0,237.95168,14.0,0.0,105.801704,15.0,0.0,237.95168
LazyConsumer,11.0,1.0,175.88918,13.0,1.0,130.0,14.0,0.83057034,162.11415,14.0,0.0,175.88918,15.0,0.6798929,99.724625
LazyConsumer,15.0,0.0,163.00307,15.0,0.0,224.66197,14.0,0.64512676,103.00485,14.0,0.64512676,224.66197,15.0,0.64512676,163.00307
EcologicalConsumer,15.0,0.0,103.36827,16.0,0.0,142.76204,15.0,0.0,103.36827,16.0,0.64512676,142.76204,15.0,0.0,103.36827
EcologicalConsumer,13.0,0.83057034,254.40323,12.0,0.77632827,144.97241,14.0,0.0,254.40323,15.0,0.64512676,320.0625,16.0,0.64512676,195.2332
Consumer,16.0,0.0,202.80533,15.0,0.0,262.01718,15.0,0.0,327.6614,15.0,0.0,262.01718,14.0,0.64512676,152.10852
LazyConsumer,14.0,0.64512676,132.32158,14.0,0.64512676,305.52905,15.0,0.64512676,239.92708,16.0,0.0,181.1077,15.0,0.0,305.52905
