Timestamp: 25/nov/2018 18:22:34
AVG_DAYS_FOR_AUDIT: 180
LOGS_NAME: 7
MONOPOLY_THRESHOLD: 0.5
NUM_BROKERS: 5
NUM_CONSUMERS: 50
NUM_PRODUCERS: 30
PERCENT_CONSUMED_ENERGY: 0.9
PERCENT_ECO_CONSUMERS: 0.2
PERCENT_LAZY_CONSUMERS: 0.6
STORE_RECORDS: true


"tick","SatisfiedConsumers"
1.0,0.0
2.0,0.0
3.0,0.0
4.0,0.0
5.0,0.0
6.0,0.0
7.0,0.0
8.0,0.0
9.0,0.0
10.0,0.0
11.0,0.0
12.0,0.0
13.0,0.0
14.0,0.0
15.0,0.0
16.0,0.0
17.0,0.0
18.0,0.0
19.0,0.0
20.0,0.0
21.0,0.0
22.0,0.0
23.0,0.0
24.0,0.0
25.0,0.0
26.0,0.0
27.0,0.0
28.0,0.0
29.0,0.0
30.0,0.0
31.0,0.0
32.0,0.0
33.0,0.0
34.0,0.0
35.0,0.0
36.0,0.0
37.0,0.0
38.0,0.0
39.0,0.0
40.0,0.0
41.0,0.0
42.0,0.0
43.0,0.0
44.0,0.0
45.0,0.0
46.0,0.0
47.0,0.0
48.0,0.0
49.0,0.0
50.0,0.0
51.0,0.0
52.0,0.0
53.0,0.0
54.0,0.0
55.0,0.0
56.0,0.0
57.0,0.0
58.0,0.0
59.0,0.0
60.0,0.0
61.0,0.0
62.0,0.0
63.0,0.0
64.0,0.0
65.0,0.0
66.0,0.0
67.0,0.0
68.0,0.0
69.0,0.0
70.0,0.0
71.0,0.0
72.0,0.0
73.0,0.0
74.0,0.0
75.0,0.0
76.0,0.0
77.0,0.0
78.0,0.0
79.0,0.0
80.0,0.0
81.0,0.0
82.0,0.0
83.0,0.0
84.0,0.0
85.0,0.0
86.0,0.0
87.0,0.0
88.0,0.0
89.0,0.0
90.0,0.0
91.0,0.0
92.0,0.0
93.0,0.0
94.0,0.0
95.0,0.0
96.0,0.0
97.0,0.0
98.0,0.0
99.0,0.0
100.0,0.0
101.0,0.0
102.0,0.0
103.0,0.0
104.0,0.0
105.0,0.0
106.0,0.0
107.0,0.0
108.0,0.0
109.0,0.0
110.0,0.0
111.0,0.0
112.0,0.0
113.0,0.0
114.0,0.0
115.0,0.0
116.0,0.0
117.0,0.0
118.0,0.0
119.0,0.0
120.0,0.0
121.0,0.0
122.0,0.0
123.0,0.0
124.0,0.0
125.0,0.0
126.0,0.0
127.0,0.0
128.0,0.0
129.0,0.0
130.0,0.0
131.0,0.0
132.0,0.0
133.0,0.0
134.0,0.0
135.0,0.0
136.0,0.0
137.0,0.0
138.0,0.0
139.0,0.0
140.0,0.0
141.0,0.0
142.0,0.0
143.0,0.0
144.0,0.0
145.0,0.0
146.0,0.0
147.0,0.0
148.0,0.0
149.0,0.0
150.0,0.0
151.0,0.0
152.0,0.0
153.0,0.0
154.0,0.0
155.0,0.0
156.0,0.0
157.0,0.0
158.0,0.0
159.0,0.0
160.0,0.0
161.0,0.0
162.0,0.0
163.0,0.0
164.0,0.0
165.0,0.0
166.0,0.0
167.0,0.0
168.0,0.0
169.0,0.0
170.0,0.0
171.0,0.0
172.0,0.0
173.0,0.0
174.0,0.0
175.0,0.0
176.0,0.0
177.0,0.0
178.0,0.0
179.0,0.0
180.0,0.0
181.0,0.0
182.0,0.0
183.0,0.0
184.0,0.0
185.0,0.0
186.0,0.0
187.0,0.0
188.0,0.0
189.0,0.0
190.0,0.0
191.0,0.0
192.0,0.0
193.0,0.0
194.0,0.0
195.0,0.0
196.0,0.0
197.0,0.0
198.0,0.0
199.0,0.0
200.0,0.0
201.0,0.0
202.0,0.0
203.0,0.0
204.0,0.0
205.0,0.0
206.0,0.0
207.0,0.0
208.0,0.0
209.0,0.0
210.0,0.0
211.0,0.0
212.0,0.0
213.0,0.0
214.0,0.0
215.0,0.0
216.0,0.0
217.0,0.0
218.0,0.0
219.0,0.0
220.0,0.0
221.0,0.0
222.0,0.0
223.0,0.0
224.0,0.0
225.0,0.0
226.0,0.0
227.0,0.0
228.0,0.0
229.0,0.0
230.0,0.0
231.0,0.0
232.0,0.0
233.0,0.0
234.0,0.0
235.0,0.0
236.0,0.0
237.0,0.0
238.0,1.0
239.0,1.0
240.0,1.0
241.0,1.0
242.0,1.0
243.0,1.0
244.0,1.0
245.0,1.0
246.0,1.0
247.0,1.0
248.0,1.0
249.0,1.0
250.0,1.0
251.0,1.0
252.0,1.0
253.0,1.0
254.0,1.0
255.0,1.0
256.0,1.0
257.0,1.0
258.0,1.0
259.0,2.0
260.0,2.0
261.0,2.0
262.0,2.0
263.0,2.0
264.0,2.0
265.0,2.0
266.0,2.0
267.0,2.0
268.0,2.0
269.0,2.0
270.0,2.0
271.0,2.0
272.0,2.0
273.0,2.0
274.0,2.0
275.0,2.0
276.0,2.0
277.0,2.0
278.0,2.0
279.0,2.0
280.0,2.0
281.0,3.0
282.0,3.0
283.0,3.0
284.0,3.0
285.0,3.0
286.0,3.0
287.0,3.0
288.0,3.0
289.0,3.0
290.0,3.0
291.0,3.0
292.0,3.0
293.0,3.0
294.0,3.0
295.0,3.0
296.0,3.0
297.0,3.0
298.0,3.0
299.0,3.0
300.0,3.0
301.0,4.0
302.0,4.0
303.0,4.0
304.0,4.0
305.0,4.0
306.0,4.0
307.0,4.0
308.0,4.0
309.0,4.0
310.0,4.0
311.0,4.0
312.0,4.0
313.0,4.0
314.0,4.0
315.0,4.0
316.0,4.0
317.0,4.0
318.0,4.0
319.0,4.0
320.0,4.0
321.0,4.0
322.0,4.0
323.0,4.0
324.0,5.0
325.0,5.0
326.0,5.0
327.0,5.0
328.0,5.0
329.0,5.0
330.0,5.0
331.0,5.0
332.0,5.0
333.0,5.0
334.0,5.0
335.0,5.0
336.0,5.0
337.0,5.0
338.0,5.0
339.0,5.0
340.0,5.0
341.0,5.0
342.0,5.0
343.0,5.0
344.0,5.0
345.0,6.0
346.0,6.0
347.0,6.0
348.0,6.0
349.0,6.0
350.0,6.0
351.0,6.0
352.0,6.0
353.0,6.0
354.0,6.0
355.0,6.0
356.0,6.0
357.0,6.0
358.0,6.0
359.0,6.0
360.0,6.0
361.0,6.0
362.0,6.0
363.0,6.0
364.0,6.0
365.0,6.0
366.0,6.0
367.0,7.0
368.0,7.0
369.0,7.0
370.0,7.0
371.0,7.0
372.0,7.0
373.0,7.0
374.0,7.0
375.0,7.0
376.0,7.0
377.0,7.0
378.0,7.0
379.0,7.0
380.0,7.0
381.0,7.0
382.0,7.0
383.0,7.0
384.0,7.0
385.0,7.0
386.0,7.0
387.0,7.0
388.0,7.0
389.0,7.0
390.0,8.0
391.0,8.0
392.0,8.0
393.0,8.0
394.0,8.0
395.0,8.0
396.0,8.0
397.0,8.0
398.0,8.0
399.0,8.0
400.0,8.0
401.0,8.0
402.0,8.0
403.0,8.0
404.0,8.0
405.0,8.0
406.0,8.0
407.0,8.0
408.0,8.0
409.0,8.0
410.0,9.0
411.0,9.0
412.0,9.0
413.0,9.0
414.0,9.0
415.0,9.0
416.0,9.0
417.0,9.0
418.0,9.0
419.0,9.0
420.0,9.0
421.0,9.0
422.0,9.0
423.0,9.0
424.0,9.0
425.0,9.0
426.0,9.0
427.0,9.0
428.0,9.0
429.0,9.0
430.0,9.0
431.0,10.0
432.0,10.0
433.0,10.0
434.0,10.0
435.0,10.0
436.0,10.0
437.0,10.0
438.0,10.0
439.0,10.0
440.0,10.0
441.0,10.0
442.0,10.0
443.0,10.0
444.0,10.0
445.0,10.0
446.0,10.0
447.0,10.0
448.0,10.0
449.0,10.0
450.0,11.0
451.0,11.0
452.0,11.0
453.0,11.0
454.0,11.0
455.0,11.0
456.0,11.0
457.0,11.0
458.0,11.0
459.0,11.0
460.0,11.0
461.0,11.0
462.0,11.0
463.0,11.0
464.0,11.0
465.0,11.0
466.0,11.0
467.0,11.0
468.0,11.0
469.0,11.0
470.0,11.0
471.0,11.0
472.0,12.0
473.0,12.0
474.0,12.0
475.0,12.0
476.0,12.0
477.0,12.0
478.0,12.0
479.0,12.0
480.0,12.0
481.0,12.0
482.0,12.0
483.0,12.0
484.0,12.0
485.0,12.0
486.0,12.0
487.0,12.0
488.0,12.0
489.0,12.0
490.0,12.0
491.0,12.0
492.0,12.0
493.0,13.0
494.0,13.0
495.0,13.0
496.0,13.0
497.0,13.0
498.0,13.0
499.0,13.0
500.0,13.0
501.0,13.0
502.0,13.0
503.0,13.0
504.0,13.0
505.0,13.0
506.0,13.0
507.0,13.0
508.0,13.0
509.0,13.0
510.0,13.0
511.0,13.0
512.0,14.0
513.0,14.0
514.0,14.0
515.0,14.0
516.0,14.0
517.0,14.0
518.0,14.0
519.0,14.0
520.0,14.0
521.0,14.0
522.0,14.0
523.0,14.0
524.0,14.0
525.0,14.0
526.0,14.0
527.0,14.0
528.0,14.0
529.0,14.0
530.0,14.0
531.0,14.0
532.0,14.0
533.0,15.0
534.0,15.0
535.0,15.0
536.0,15.0
537.0,15.0
538.0,15.0
539.0,15.0
540.0,15.0
541.0,15.0
542.0,15.0
543.0,15.0
544.0,15.0
545.0,15.0
546.0,15.0
547.0,15.0
548.0,15.0
549.0,15.0
550.0,15.0
551.0,15.0
552.0,14.0
553.0,14.0
554.0,14.0
555.0,14.0
556.0,15.0
557.0,15.0
558.0,15.0
559.0,15.0
560.0,15.0
561.0,15.0
562.0,15.0
563.0,15.0
564.0,15.0
565.0,15.0
566.0,15.0
567.0,15.0
568.0,15.0
569.0,15.0
570.0,15.0
571.0,15.0
572.0,15.0
573.0,15.0
574.0,15.0
575.0,15.0
576.0,16.0
577.0,16.0
578.0,16.0
579.0,16.0
580.0,16.0
581.0,16.0
582.0,16.0
583.0,16.0
584.0,16.0
585.0,16.0
586.0,16.0
587.0,16.0
588.0,16.0
589.0,16.0
590.0,16.0
591.0,16.0
592.0,16.0
593.0,16.0
594.0,16.0
595.0,16.0
596.0,16.0
597.0,17.0
598.0,17.0
599.0,17.0
600.0,17.0
601.0,17.0
602.0,17.0
603.0,17.0
604.0,17.0
605.0,17.0
606.0,17.0
607.0,17.0
608.0,17.0
609.0,17.0
610.0,17.0
611.0,17.0
612.0,17.0
613.0,17.0
614.0,17.0
615.0,17.0
616.0,17.0
617.0,17.0
618.0,17.0
619.0,18.0
620.0,18.0
621.0,18.0
622.0,18.0
623.0,18.0
624.0,18.0
625.0,18.0
626.0,18.0
627.0,18.0
628.0,18.0
629.0,18.0
630.0,18.0
631.0,18.0
632.0,18.0
633.0,18.0
634.0,18.0
635.0,18.0
636.0,18.0
637.0,18.0
638.0,18.0
639.0,19.0
640.0,19.0
641.0,19.0
642.0,19.0
643.0,19.0
644.0,19.0
645.0,19.0
646.0,19.0
647.0,19.0
648.0,19.0
649.0,19.0
650.0,19.0
651.0,19.0
652.0,19.0
653.0,19.0
654.0,19.0
655.0,19.0
656.0,19.0
657.0,19.0
658.0,19.0
659.0,19.0
660.0,20.0
661.0,20.0
662.0,20.0
663.0,20.0
664.0,20.0
665.0,20.0
666.0,20.0
667.0,20.0
668.0,20.0
669.0,20.0
670.0,20.0
671.0,20.0
672.0,20.0
673.0,20.0
674.0,20.0
675.0,20.0
676.0,20.0
677.0,20.0
678.0,20.0
679.0,20.0
680.0,20.0
681.0,20.0
682.0,20.0
683.0,21.0
684.0,21.0
685.0,21.0
686.0,21.0
687.0,21.0
688.0,21.0
689.0,21.0
690.0,21.0
691.0,21.0
692.0,21.0
693.0,21.0
694.0,21.0
695.0,21.0
696.0,21.0
697.0,21.0
698.0,21.0
699.0,21.0
700.0,21.0
701.0,21.0
702.0,21.0
703.0,21.0
704.0,21.0
705.0,22.0
706.0,22.0
707.0,22.0
708.0,22.0
709.0,22.0
710.0,22.0
711.0,22.0
712.0,22.0
713.0,22.0
714.0,22.0
715.0,22.0
716.0,22.0
717.0,22.0
718.0,22.0
719.0,22.0
720.0,22.0
721.0,22.0
722.0,22.0
723.0,22.0
724.0,23.0
725.0,23.0
726.0,23.0
727.0,23.0
728.0,23.0
729.0,23.0
730.0,23.0
731.0,23.0
732.0,23.0
733.0,23.0
734.0,23.0
735.0,23.0
736.0,23.0
737.0,23.0
738.0,23.0
739.0,23.0
740.0,23.0
741.0,23.0
742.0,23.0
743.0,23.0
744.0,23.0
745.0,23.0
746.0,24.0
747.0,24.0
748.0,24.0
749.0,24.0
750.0,24.0
751.0,24.0
752.0,24.0
753.0,24.0
754.0,24.0
755.0,24.0
756.0,24.0
757.0,24.0
758.0,24.0
759.0,24.0
760.0,24.0
761.0,24.0
762.0,24.0
763.0,24.0
764.0,24.0
765.0,24.0
766.0,25.0
767.0,25.0
768.0,25.0
769.0,25.0
770.0,25.0
771.0,25.0
772.0,25.0
773.0,25.0
774.0,25.0
775.0,25.0
776.0,25.0
777.0,25.0
778.0,25.0
779.0,25.0
780.0,25.0
781.0,25.0
782.0,25.0
783.0,25.0
784.0,25.0
785.0,25.0
786.0,25.0
787.0,25.0
788.0,26.0
789.0,26.0
790.0,26.0
791.0,26.0
792.0,26.0
793.0,26.0
794.0,26.0
795.0,24.0
796.0,24.0
797.0,24.0
798.0,24.0
799.0,24.0
800.0,24.0
801.0,24.0
802.0,24.0
803.0,24.0
804.0,24.0
805.0,24.0
806.0,24.0
807.0,24.0
808.0,24.0
809.0,25.0
810.0,22.0
811.0,22.0
812.0,21.0
813.0,21.0
814.0,20.0
815.0,19.0
816.0,18.0
817.0,18.0
818.0,17.0
819.0,16.0
820.0,14.0
821.0,14.0
822.0,14.0
823.0,14.0
824.0,14.0
825.0,13.0
826.0,13.0
